60,144
62,167
66,191
72,215
83,236
100,254
120,270
143,281
166,282
188,275
206,258
221,238
231,216
237,192
238,169
237,146
235,123
80,120
91,112
106,109
121,110
135,113
167,110
180,103
193,99
207,98
219,104
153,126
154,141
156,155
158,170
141,183
150,185
159,187
167,183
174,179
98,133
107,128
118,128
127,134
118,135
108,136
175,128
183,120
193,119
202,122
195,126
186,128
111,209
129,204
147,202
159,203
171,199
186,198
202,198
190,220
175,231
162,234
149,234
130,227
117,210
147,210
160,210
172,208
196,202
174,220
161,223
149,223
