72,136
74,155
78,175
81,194
85,214
95,230
109,245
125,256
144,259
164,256
183,247
200,234
212,217
218,198
221,177
224,157
225,137
81,127
88,117
100,114
112,117
124,123
155,121
168,114
181,111
195,114
206,123
139,136
139,148
139,160
139,172
129,184
134,186
140,188
146,186
153,184
96,140
104,135
114,136
122,142
113,145
103,145
162,141
170,135
180,134
189,138
182,143
172,144
116,212
126,206
135,202
142,204
149,202
159,205
170,210
160,218
150,223
142,224
135,223
126,220
121,213
135,211
142,211
149,210
165,211
149,211
142,212
135,211
