54,131
53,154
55,177
61,200
68,225
78,247
91,267
108,284
131,291
155,289
180,279
202,262
221,242
235,217
243,191
246,163
248,135
61,113
70,105
83,106
97,109
109,116
148,112
166,109
183,107
199,109
215,116
128,132
127,149
125,165
124,182
110,191
117,195
125,199
136,196
146,194
75,132
85,128
98,129
108,137
96,137
84,137
161,138
172,131
184,131
195,136
185,140
173,140
94,218
106,217
118,216
128,219
139,217
156,220
174,222
156,242
138,248
127,249
116,246
105,238
100,221
118,222
127,225
139,224
169,224
138,236
127,236
117,234
