67,139
70,160
73,180
77,200
84,218
97,232
115,243
135,252
158,254
180,250
199,239
215,226
226,209
232,190
234,170
236,150
237,130
85,128
95,118
111,115
127,118
142,124
163,123
177,117
191,112
207,113
219,122
153,139
154,152
154,165
155,178
140,186
147,188
155,190
163,187
171,185
105,142
114,137
124,137
132,143
124,145
114,145
175,141
182,135
192,135
200,138
193,142
183,143
132,211
140,204
149,200
156,202
163,200
173,203
182,209
174,217
165,221
157,222
149,221
140,218
137,210
149,208
157,208
164,208
177,209
164,209
157,209
149,209
