77,139
78,156
80,173
82,190
87,207
98,223
113,236
131,246
151,249
171,246
190,236
205,222
216,206
221,188
223,170
225,153
225,136
91,125
100,117
113,114
127,116
140,120
161,119
174,114
188,111
201,113
211,122
150,134
150,145
150,156
150,168
136,179
143,181
151,182
159,180
167,179
104,137
112,133
121,133
129,139
120,141
111,141
173,138
180,132
189,131
198,134
190,139
181,140
123,205
133,198
144,194
151,196
158,194
168,198
180,205
169,212
159,216
151,216
143,216
133,212
127,205
144,203
151,204
159,203
175,205
159,205
151,206
143,205
