78,127
79,147
83,167
86,187
93,205
104,222
117,237
133,249
152,252
171,248
185,235
199,219
209,202
215,184
218,164
220,144
220,124
87,115
98,108
112,109
125,113
138,119
157,117
170,111
183,108
197,107
208,114
149,132
149,145
150,159
150,173
135,183
142,185
150,187
158,185
165,183
102,131
111,127
121,128
128,135
120,137
109,136
169,135
177,128
187,127
195,131
188,136
178,136
123,211
133,207
143,204
150,206
157,204
167,207
176,210
168,221
158,226
150,227
143,226
133,222
128,212
143,213
150,214
157,213
172,211
157,213
150,214
143,213
