71,122
72,142
75,162
78,182
84,200
97,215
114,228
131,239
151,243
170,240
187,230
203,218
216,203
223,184
226,163
229,142
231,122
88,110
98,101
112,98
125,101
138,106
161,104
174,98
188,96
201,98
211,107
150,122
149,135
149,148
149,161
135,172
142,175
149,177
157,175
164,173
103,125
111,120
121,121
130,127
121,129
111,129
168,127
177,119
187,119
196,123
189,128
178,128
125,198
133,193
142,191
149,194
156,192
166,196
175,200
166,208
156,211
149,212
142,211
133,207
129,199
142,199
149,201
156,200
171,200
156,201
149,201
142,200
