67,134
67,155
70,175
74,196
81,215
91,233
104,248
121,260
143,265
165,261
184,251
202,238
216,222
224,203
230,182
235,160
237,137
81,112
92,103
105,103
119,106
131,112
162,111
176,105
191,101
206,104
217,113
145,128
144,140
144,153
143,165
126,178
135,181
144,183
152,181
162,179
96,129
105,124
115,125
123,132
114,133
104,132
171,132
180,125
190,125
199,130
191,133
181,133
115,214
124,205
135,199
143,202
151,200
162,205
172,215
161,224
151,228
142,228
134,227
124,223
120,214
135,211
143,211
151,211
167,215
150,215
143,216
134,214
