50,123
53,147
57,170
62,194
70,217
84,237
102,255
122,269
147,273
171,269
193,256
212,238
227,216
234,192
238,166
239,140
239,115
66,97
76,86
92,83
109,84
126,88
153,86
169,80
186,78
203,80
215,91
140,112
141,128
142,144
143,161
125,180
134,180
143,181
152,180
161,179
83,119
93,114
104,113
114,119
104,121
92,121
168,117
177,111
188,110
199,114
189,118
178,118
114,217
123,206
135,198
144,201
153,198
164,205
175,216
165,226
154,232
144,233
134,232
123,226
119,216
135,211
144,212
153,211
169,215
153,213
144,214
134,213
