66,148
67,172
70,196
74,219
81,241
93,260
111,274
132,283
156,287
178,283
198,273
214,258
225,238
231,216
233,194
236,171
237,148
82,137
93,126
108,123
124,126
139,132
174,132
188,126
203,123
218,125
227,136
157,152
157,167
157,181
158,196
140,208
148,209
157,211
165,209
173,207
100,155
109,152
119,153
128,158
119,160
108,159
183,158
191,153
201,152
210,155
202,159
192,159
126,236
139,228
149,223
157,225
164,223
174,227
184,235
174,240
164,242
156,243
148,242
139,240
131,235
149,232
157,232
164,232
180,234
164,231
157,232
149,231
