76,129
79,149
82,168
86,188
93,206
105,221
118,235
134,245
152,247
169,243
183,232
196,218
205,202
211,183
214,165
217,146
219,126
89,120
99,113
113,112
126,114
138,119
157,118
170,113
183,110
196,111
207,118
148,132
149,145
149,158
150,171
137,181
143,182
150,183
156,182
161,180
106,134
113,130
122,130
130,136
122,138
112,138
167,135
174,128
183,128
190,132
184,135
175,136
127,206
135,201
144,198
150,200
156,198
164,200
172,204
165,213
157,217
150,218
144,218
135,214
131,206
144,206
150,206
156,205
168,205
157,206
150,207
144,207
