66,124
66,147
69,170
74,191
83,211
95,228
110,242
127,254
146,256
166,252
184,240
200,225
214,207
222,187
226,164
229,140
230,115
79,108
90,100
104,99
117,102
130,109
162,109
176,103
190,100
204,101
216,109
147,125
146,141
146,156
145,171
130,181
138,183
147,185
156,182
165,180
97,125
106,121
116,122
126,128
115,129
105,128
169,129
177,122
187,122
196,125
188,129
178,130
118,204
130,201
140,199
148,201
157,198
168,200
181,201
168,211
158,215
148,216
139,216
129,213
122,205
140,206
148,207
157,205
176,202
157,204
148,205
140,205
