76,122
75,141
76,160
78,179
83,197
94,212
107,226
122,238
140,242
159,241
174,231
188,219
199,205
207,189
212,172
216,154
219,137
94,109
106,103
119,103
132,106
143,111
166,114
178,111
191,111
202,114
210,122
153,129
151,144
150,158
148,173
133,178
140,181
146,184
154,183
161,181
109,125
117,122
127,123
134,130
125,130
116,129
169,134
178,129
187,129
194,134
187,136
178,136
118,198
128,195
138,193
146,196
154,194
163,196
171,201
163,210
153,215
145,216
137,215
127,209
123,199
138,202
145,203
153,202
167,202
153,203
146,204
138,202
