70,129
72,149
76,168
79,188
84,208
94,226
108,240
124,252
145,255
167,251
187,238
204,222
216,203
223,182
224,160
226,139
226,118
77,114
86,106
99,104
112,107
126,112
146,110
160,103
174,98
190,97
202,104
137,129
137,143
137,157
137,172
126,183
133,185
140,187
147,184
155,182
92,132
100,128
110,127
118,134
109,136
99,136
161,131
169,124
180,122
188,126
181,131
171,132
116,209
126,205
135,202
142,205
149,202
159,204
171,207
159,214
150,218
142,219
135,219
126,217
120,210
135,210
142,210
149,209
167,207
149,209
142,210
135,210
