79,135
81,154
84,173
86,191
91,209
102,223
117,234
134,243
152,246
169,244
186,235
200,223
211,209
216,191
218,172
220,152
221,133
91,126
99,116
112,114
125,116
137,121
159,121
171,116
184,113
197,116
206,124
149,137
150,150
150,162
151,174
136,182
144,184
151,185
158,183
165,181
107,138
115,135
123,136
130,141
122,142
114,141
168,141
175,136
183,135
191,138
184,141
176,142
128,205
136,199
145,196
151,198
158,196
166,199
175,205
167,212
158,216
151,216
144,216
136,212
132,205
144,203
151,204
158,203
170,205
158,204
151,205
145,204
