63,144
64,163
67,182
71,202
75,223
85,241
101,255
122,264
148,266
173,265
197,256
217,243
231,226
238,205
239,184
239,164
238,144
78,118
87,106
102,101
117,103
131,109
158,110
173,104
189,102
204,106
215,117
145,130
145,145
146,160
146,175
131,186
139,188
147,191
155,187
163,184
94,137
102,132
112,133
121,137
111,139
102,139
171,136
180,132
190,131
198,135
190,137
181,137
116,213
127,206
139,202
148,205
158,201
171,204
183,208
172,219
159,225
149,226
139,226
127,222
120,213
139,212
149,213
158,211
179,210
159,214
149,216
139,215
