75,128
77,147
79,166
80,185
83,204
93,219
108,231
125,241
145,244
166,241
183,232
199,221
210,206
215,188
216,167
217,148
218,128
88,114
97,106
108,104
120,106
131,110
159,110
170,105
182,103
193,105
202,111
145,126
146,140
146,154
147,168
129,174
137,177
146,179
155,177
163,174
103,128
111,125
120,126
126,131
119,131
111,131
165,130
173,125
180,124
188,127
181,129
173,130
115,196
127,194
138,193
145,195
153,193
164,195
176,196
164,205
153,210
145,210
137,209
126,205
120,197
137,199
145,200
153,199
171,197
153,199
145,200
137,199
