61,133
62,157
66,180
72,202
81,224
93,243
108,259
127,271
150,274
172,269
191,257
208,240
221,221
228,200
232,176
235,152
235,129
75,118
87,108
103,107
119,110
134,116
160,113
175,105
190,100
206,102
219,111
147,135
148,150
149,164
149,179
132,193
141,194
150,196
158,194
167,192
96,138
105,135
116,135
124,141
115,143
104,142
172,139
180,133
191,132
200,134
192,139
182,140
118,223
130,217
142,212
150,215
158,212
170,215
182,221
170,232
159,238
150,240
141,239
129,234
123,224
142,223
150,224
158,223
177,222
158,224
150,225
141,224
