77,142
77,161
79,179
82,197
89,214
101,227
115,238
132,246
150,248
169,245
185,237
201,226
213,213
220,195
223,176
226,158
227,139
89,119
98,110
111,107
124,110
136,115
156,115
169,109
182,107
196,110
206,120
147,133
146,143
146,153
146,164
133,178
140,179
146,179
152,179
159,179
104,135
111,130
120,131
128,138
120,139
111,139
166,137
174,131
183,131
191,135
184,139
175,139
122,207
130,198
139,193
146,195
153,193
164,198
173,206
165,211
155,214
147,215
140,215
131,212
126,206
140,203
146,203
154,202
169,205
154,202
147,203
140,203
