54,121
53,144
53,168
54,192
59,215
69,234
85,249
105,260
128,264
152,263
175,257
196,246
212,229
222,208
229,186
234,161
238,137
73,98
82,89
97,88
111,93
125,99
154,100
170,96
187,95
202,99
211,111
137,122
135,136
133,148
131,162
114,177
122,179
131,181
140,181
150,181
86,122
94,119
105,120
115,127
103,127
93,126
161,131
170,126
181,127
192,131
181,134
170,134
98,208
110,200
121,196
129,199
137,198
148,204
162,215
146,218
135,218
127,217
118,216
109,214
103,208
121,205
129,206
137,207
156,214
135,207
128,207
120,206
