59,123
61,146
63,170
67,193
77,215
92,233
109,249
128,263
152,266
176,264
197,252
215,235
231,217
243,196
250,172
253,147
256,123
76,103
85,90
100,82
117,81
134,87
169,87
186,83
204,84
220,92
230,104
152,116
152,133
152,149
151,165
133,178
142,181
152,184
162,181
173,178
97,123
106,116
117,115
126,123
117,125
105,125
180,123
189,116
201,117
211,123
201,126
189,126
121,206
133,203
145,201
153,203
162,201
174,202
189,206
174,212
162,214
152,215
143,214
132,212
125,206
144,208
153,209
162,207
184,206
162,207
153,208
144,207
