61,126
63,149
67,171
72,194
80,214
93,230
112,243
132,252
156,253
180,249
200,239
217,225
228,208
235,187
238,165
241,143
241,121
79,98
91,88
107,87
122,89
138,95
163,96
177,89
193,86
209,86
221,95
151,115
152,130
152,144
153,159
138,174
146,175
154,176
162,175
170,173
97,119
106,113
117,113
127,121
117,123
105,123
176,120
185,112
196,111
205,117
197,121
186,122
124,204
136,196
147,191
155,193
163,190
175,195
186,203
175,210
164,214
156,215
147,214
135,211
129,204
147,201
155,201
163,201
181,203
163,201
155,202
147,202
