70,128
72,150
76,171
80,192
87,211
99,227
115,242
133,253
152,256
172,252
190,241
206,228
217,211
224,191
227,169
229,148
230,126
85,113
97,105
112,105
126,108
140,114
157,113
171,107
186,103
202,103
215,111
148,129
149,144
149,158
149,173
135,183
142,186
150,187
158,185
165,182
101,131
109,127
119,127
128,134
118,136
108,135
171,133
180,126
190,124
199,129
191,133
181,134
123,210
134,207
143,203
151,205
158,203
169,206
181,209
170,218
160,222
152,223
144,222
134,219
128,211
143,211
151,212
158,211
176,210
159,210
151,211
144,211
