67,147
67,171
70,196
75,220
83,242
96,263
113,282
132,296
153,301
175,298
194,284
210,264
222,244
230,221
236,198
240,175
242,152
84,138
97,130
113,130
128,134
143,140
173,141
187,135
202,131
218,132
229,142
156,159
156,176
156,193
155,211
139,218
147,221
155,224
163,221
171,218
103,155
113,151
124,152
133,160
122,162
110,161
180,162
188,154
200,153
209,157
201,163
190,164
121,240
134,239
146,237
155,240
163,237
174,239
188,240
175,252
165,258
155,259
145,258
134,252
127,242
145,245
155,246
164,245
182,242
164,245
155,247
145,245
