59,151
61,174
64,195
69,217
77,237
91,254
110,266
132,276
156,279
180,275
200,264
217,250
230,233
235,212
238,190
241,169
241,147
77,122
88,109
105,105
121,107
138,113
166,113
183,107
199,105
215,109
226,121
152,137
152,152
152,166
152,181
137,195
145,197
153,198
161,196
169,194
96,143
106,138
118,138
128,145
117,147
105,147
177,143
187,137
198,136
208,141
199,145
188,146
128,229
137,220
147,214
155,216
162,214
173,219
182,227
174,236
164,241
156,243
147,242
137,238
134,228
147,226
155,226
162,225
177,227
163,226
155,228
148,227
