74,145
75,166
80,188
86,209
93,228
106,244
121,258
136,271
156,273
174,267
191,254
207,239
219,222
226,202
229,181
231,159
231,139
82,132
91,120
106,116
122,117
136,122
163,121
176,115
192,113
207,115
218,124
150,140
150,156
150,172
150,188
133,196
142,199
152,201
161,198
170,195
100,142
109,137
120,138
129,145
119,145
108,145
174,143
183,136
193,135
202,139
194,142
184,143
116,216
132,214
143,212
152,214
162,211
174,212
188,213
175,223
163,227
153,230
144,229
132,226
121,218
143,218
153,219
162,217
183,214
163,218
153,220
144,219
