67,120
66,141
69,163
72,185
79,205
90,223
103,240
120,254
141,258
161,255
179,244
194,230
207,214
214,195
219,176
222,155
224,135
81,101
93,93
108,94
122,100
136,108
158,110
172,104
188,101
203,103
214,113
144,129
143,143
141,156
140,170
125,183
133,185
141,187
149,186
158,185
96,125
105,122
115,124
123,132
113,133
103,131
168,135
176,129
187,129
196,133
187,137
177,137
111,212
123,207
134,204
142,206
150,204
160,209
171,216
160,224
150,228
141,228
132,226
122,221
117,213
133,213
142,214
150,214
165,216
150,214
142,214
133,213
