67,142
70,164
73,186
78,207
86,226
100,242
118,254
138,264
159,266
180,263
199,252
215,238
227,221
233,201
235,180
237,158
238,137
85,124
98,116
113,114
129,117
144,123
165,121
179,115
194,112
209,113
221,121
155,140
156,153
157,167
158,180
142,195
150,196
158,197
165,195
173,193
104,142
113,138
124,138
133,145
123,147
112,146
177,144
185,137
196,136
205,140
197,144
186,145
127,221
139,215
151,210
159,212
166,209
177,213
189,218
178,226
168,231
160,232
151,232
139,229
132,222
151,220
159,220
167,219
184,219
167,219
159,221
151,220
