70,135
72,155
76,175
81,195
88,213
100,228
118,239
136,247
157,249
176,246
194,238
211,226
222,211
227,191
230,170
233,150
235,128
85,115
96,106
112,104
126,106
140,112
165,110
179,104
194,102
209,103
220,111
153,125
154,137
154,149
154,162
139,176
147,177
155,178
163,177
171,176
101,129
110,124
121,124
130,131
120,133
110,133
177,130
185,122
196,122
204,126
197,131
186,132
130,204
139,199
148,195
155,197
162,195
172,198
183,203
173,208
164,211
156,212
149,211
140,209
134,204
148,201
155,201
163,201
179,203
163,201
156,202
149,201
