78,145
81,164
85,183
91,201
98,217
109,231
122,244
137,253
155,256
172,252
187,242
199,230
210,215
217,198
221,179
225,160
225,140
89,132
97,122
111,118
125,119
138,124
161,123
174,116
187,114
201,116
210,126
150,140
150,152
150,164
150,177
135,187
143,189
151,191
159,188
167,186
106,143
113,139
123,139
130,145
122,147
113,147
171,144
179,137
188,136
196,140
189,143
180,144
127,212
136,207
145,203
152,205
159,203
167,205
177,210
168,217
160,220
153,222
145,221
137,218
132,212
145,211
152,211
159,210
174,210
159,211
152,211
145,211
