76,137
77,156
79,176
81,195
86,213
97,229
112,242
130,253
152,256
172,253
189,243
204,230
214,215
220,197
223,178
226,158
228,139
93,121
103,110
119,107
134,110
148,115
166,115
179,110
193,107
207,110
215,121
157,130
157,143
157,156
156,169
142,180
149,182
156,184
163,182
170,180
109,134
117,129
127,130
135,136
126,138
116,138
177,137
185,130
194,129
202,134
195,139
185,139
128,207
138,203
148,200
156,202
163,200
172,203
182,208
173,216
163,219
155,219
147,218
138,215
132,208
148,208
156,209
163,208
178,209
163,208
156,209
147,208
