67,122
69,145
72,167
77,187
84,207
96,223
112,235
129,244
148,248
168,245
185,235
200,222
211,206
218,187
221,166
225,144
227,122
79,104
88,92
103,87
118,88
133,93
158,94
174,90
189,89
204,94
214,106
146,115
146,128
146,141
146,155
132,168
139,170
146,172
153,170
160,168
100,117
108,113
117,113
126,120
117,121
107,121
168,121
177,115
185,116
193,120
185,123
177,123
122,197
131,191
140,188
147,190
154,188
164,191
174,196
164,201
155,203
147,203
139,203
131,202
126,197
140,194
147,194
154,194
169,196
155,194
147,195
140,194
