71,128
73,149
77,169
82,189
89,208
101,226
116,240
133,251
151,254
170,250
188,240
204,225
217,206
224,186
229,166
232,144
233,123
85,115
95,108
109,105
122,106
135,110
159,109
172,104
186,102
200,103
213,110
148,127
148,141
148,154
148,168
135,180
142,182
149,184
157,182
164,180
102,130
111,125
121,125
128,132
120,133
110,133
171,130
178,123
188,122
197,127
189,130
180,131
124,208
135,203
144,199
151,201
158,199
168,202
179,207
168,214
158,218
151,219
143,218
134,215
129,209
144,206
151,207
158,206
174,207
158,207
150,209
143,208
