67,147
72,170
78,191
85,212
94,232
106,249
121,265
139,276
163,276
186,272
203,257
217,239
227,219
232,197
234,173
235,149
233,125
76,136
84,126
99,123
113,125
128,129
156,124
170,116
185,111
201,110
214,118
144,147
145,163
147,179
148,195
136,205
144,206
151,208
159,205
166,201
95,154
103,148
115,147
124,154
114,158
103,158
169,149
177,141
189,138
198,142
191,148
180,150
130,235
136,229
145,225
154,226
162,223
172,225
183,230
175,240
165,245
157,246
147,246
138,243
135,235
146,233
155,233
163,232
177,231
163,232
155,234
146,233
