73,134
74,153
77,172
79,191
85,208
96,223
111,235
129,243
148,245
168,242
185,234
201,223
212,208
219,190
222,171
224,151
226,132
89,112
98,102
112,100
125,102
138,107
159,105
172,100
186,98
199,101
208,111
149,124
150,135
150,147
150,158
134,170
142,172
149,174
157,173
164,171
106,128
114,124
122,124
130,129
122,130
113,130
168,129
176,124
185,123
192,127
185,130
177,130
122,196
132,191
141,188
148,190
156,188
165,191
176,196
165,203
156,207
148,208
141,207
132,204
126,196
141,196
148,197
156,196
171,197
156,196
148,197
141,197
