85,115
85,137
86,159
90,181
98,200
112,217
129,230
149,240
170,243
191,240
208,229
223,215
235,198
241,178
245,157
246,135
246,114
107,104
117,96
130,94
143,98
156,104
180,103
193,98
206,96
220,98
229,107
169,122
169,136
170,150
170,164
154,174
162,175
170,177
177,175
185,174
121,121
130,118
140,118
147,125
138,127
129,126
189,126
197,120
206,119
214,122
207,127
197,128
140,199
151,194
162,191
170,193
178,191
188,194
198,199
189,209
179,215
170,216
161,214
151,209
145,200
162,200
170,201
178,200
193,200
178,202
170,203
161,202
