74,147
75,165
77,182
80,200
87,217
99,230
115,241
131,251
148,254
165,251
181,242
195,231
206,218
212,201
215,184
217,166
218,149
91,129
101,123
114,123
126,125
138,129
156,129
168,125
181,125
193,126
202,132
147,146
148,157
148,169
148,181
134,190
141,191
147,193
154,191
161,190
106,146
113,143
121,144
128,149
120,150
113,149
166,150
172,145
180,145
188,148
181,151
173,151
124,212
133,207
142,204
148,206
154,204
163,207
172,212
163,218
155,221
148,222
142,221
133,218
128,212
142,211
148,212
154,211
168,212
155,212
148,213
142,212
