68,153
70,175
72,196
75,217
81,237
93,254
109,270
128,282
150,286
172,282
192,270
209,256
221,239
227,219
229,197
231,176
232,154
84,133
95,123
111,122
126,125
141,131
161,132
176,127
191,124
206,126
216,136
150,150
151,163
151,177
151,191
137,205
144,206
151,207
157,206
164,206
101,150
110,145
121,146
129,154
120,156
109,155
172,155
181,149
191,148
199,153
192,158
181,158
121,232
131,227
142,223
150,226
158,223
169,227
180,232
170,241
159,245
150,245
141,245
131,241
126,233
142,232
150,233
158,232
175,233
159,232
150,233
142,232
