70,142
72,163
75,184
78,205
86,224
100,240
117,253
136,263
157,266
178,262
196,251
212,238
224,222
231,203
233,183
235,163
236,142
87,124
98,113
113,111
129,115
144,121
163,120
178,114
193,111
209,114
220,124
154,140
154,154
154,169
153,184
139,194
147,196
154,197
162,195
169,193
104,142
113,137
123,138
132,145
122,147
112,146
177,145
185,138
195,138
204,142
196,147
186,147
130,220
140,216
149,213
155,215
162,212
171,215
181,219
172,226
164,230
156,231
149,230
140,227
134,220
149,219
156,220
163,219
177,219
163,219
156,220
149,219
