84,141
86,158
89,176
93,193
100,209
112,224
125,237
140,248
158,251
174,246
187,233
197,218
206,203
212,187
215,170
218,153
218,136
100,130
110,122
123,121
135,122
147,126
165,125
176,120
188,119
199,121
208,128
156,139
157,152
158,164
158,177
144,184
151,186
158,189
165,186
171,183
115,142
122,139
130,139
137,143
130,145
121,145
173,142
179,137
188,136
195,140
188,143
180,143
132,208
141,204
151,201
158,202
166,200
174,201
182,205
175,217
167,224
159,225
151,225
141,220
137,209
151,208
159,208
166,207
177,206
166,212
159,214
151,213
