67,145
69,165
72,185
76,205
83,224
96,240
112,254
130,266
152,269
174,266
192,255
207,240
219,223
225,204
230,184
233,165
235,145
86,127
96,117
110,115
124,117
138,121
163,122
178,117
193,115
207,117
218,127
150,139
150,152
150,164
149,178
136,190
143,192
151,193
158,191
167,190
103,142
111,137
122,137
130,143
121,146
111,146
173,142
181,136
192,136
200,141
192,145
182,144
127,221
136,214
145,208
152,210
159,207
169,212
178,218
170,225
161,230
153,232
146,231
136,228
132,221
145,218
152,219
159,217
174,218
160,218
153,220
146,219
