75,128
76,148
77,168
79,187
84,206
94,222
107,236
123,246
145,250
167,249
186,240
202,228
214,214
222,197
225,178
229,159
232,138
89,112
97,100
111,95
126,96
141,101
168,103
183,100
198,101
212,108
219,121
154,121
153,133
152,145
151,158
133,168
142,170
150,172
159,171
168,170
105,123
113,117
123,118
130,125
121,126
112,126
177,128
185,122
195,123
202,129
195,131
185,130
118,194
128,186
140,184
149,186
158,185
169,189
180,198
169,206
157,209
147,209
137,208
126,204
122,194
139,191
148,193
158,193
176,198
157,200
148,200
138,198
