68,136
70,159
73,181
77,204
85,224
97,242
113,258
130,270
151,273
172,269
191,257
208,241
220,222
228,201
232,178
235,155
237,133
81,119
93,111
107,111
121,114
135,121
164,123
177,117
191,114
206,114
218,121
149,137
149,150
149,163
149,177
135,190
142,192
150,194
157,192
165,190
99,136
108,131
119,132
128,140
118,142
107,141
172,140
181,133
192,132
200,138
192,142
182,143
125,222
135,216
144,212
151,214
158,212
168,216
178,222
168,230
159,234
151,235
143,234
134,230
130,222
144,220
151,221
158,220
173,222
158,222
151,223
144,222
