62,137
62,163
65,191
70,215
80,237
94,256
110,273
129,287
148,290
167,285
184,269
200,252
215,235
225,214
230,191
233,167
234,144
83,130
100,125
117,126
133,131
147,139
170,140
182,134
195,130
209,127
221,133
158,154
158,169
158,185
158,201
137,207
147,211
156,214
164,211
173,208
102,150
113,146
124,147
133,156
123,156
111,154
177,157
186,148
197,147
207,151
198,156
188,157
115,227
130,225
146,224
154,226
163,224
175,226
185,228
175,246
163,255
153,257
143,255
129,246
119,228
145,229
154,230
163,230
181,230
163,242
153,244
144,242
