77,133
78,154
81,174
84,194
90,213
101,228
115,242
131,254
150,257
170,254
188,243
203,229
214,212
222,193
225,172
228,151
229,130
91,125
102,116
116,115
130,117
144,123
161,124
175,119
190,116
205,117
215,126
154,139
154,152
154,165
154,178
140,187
147,189
154,190
161,189
169,187
108,138
116,135
125,135
133,141
125,142
116,141
174,142
181,135
190,135
198,139
191,142
182,143
130,210
137,205
147,202
154,204
161,202
170,206
179,212
170,219
161,221
153,221
145,220
137,217
134,210
146,210
154,211
161,210
175,212
161,210
153,211
146,210
