79,137
81,156
84,174
87,191
92,209
102,225
116,238
133,248
154,250
174,246
189,236
202,222
210,207
215,189
218,172
221,156
222,139
92,132
101,124
114,121
127,123
139,127
165,127
178,124
190,122
202,124
211,133
153,140
154,153
154,165
155,178
140,184
147,186
154,188
161,186
168,184
109,142
117,138
126,138
133,144
125,144
116,144
171,144
178,139
187,139
195,143
188,146
179,146
126,202
136,200
146,199
153,201
160,199
169,200
179,202
169,211
160,215
153,216
145,215
135,211
130,204
146,206
153,206
160,206
175,204
160,206
153,207
146,206
