72,138
76,157
80,175
85,192
92,210
102,224
117,236
135,245
155,247
176,242
193,232
208,219
218,203
223,185
225,166
227,147
228,127
83,118
91,104
107,99
123,100
138,105
155,102
170,94
187,91
203,95
213,108
148,119
148,130
149,141
149,152
135,167
143,169
150,170
158,168
165,165
102,129
109,125
118,123
127,126
118,129
110,130
171,123
178,119
187,118
195,122
187,124
178,124
128,199
135,190
144,184
152,186
158,183
168,188
179,196
170,204
161,208
153,208
145,208
136,206
132,198
144,194
152,194
159,193
174,196
159,195
152,196
145,196
