77,141
78,160
80,180
84,199
92,215
104,228
120,238
138,245
157,246
176,243
193,234
207,224
217,210
223,193
225,176
227,158
229,140
96,123
106,114
120,112
133,115
145,121
169,122
180,117
192,115
205,117
213,125
156,137
156,147
156,156
156,167
141,179
148,180
155,181
162,180
170,178
111,140
120,136
128,136
136,142
128,143
119,143
175,142
182,137
191,137
199,141
191,143
183,143
129,205
140,199
150,195
156,196
162,194
172,198
181,203
172,211
163,215
157,216
150,216
140,213
134,205
150,203
156,203
163,203
177,204
163,203
157,204
150,204
