71,123
69,149
69,175
73,200
82,224
97,245
116,263
137,278
159,283
179,279
194,264
206,247
217,229
225,208
231,187
236,165
238,143
101,115
116,107
133,107
149,112
165,119
190,119
203,115
216,112
229,114
235,125
177,139
177,156
178,173
179,190
155,199
165,202
173,206
182,204
188,201
119,133
129,129
140,130
149,139
138,139
127,138
193,142
202,134
212,134
220,140
213,143
203,143
137,227
151,223
162,221
170,224
177,222
184,226
191,229
183,239
176,242
168,243
160,241
149,236
141,228
161,229
169,230
176,230
187,230
176,231
169,232
161,230
