63,138
63,159
66,180
69,200
75,220
86,236
102,250
119,261
140,264
161,262
180,252
198,240
211,225
218,206
221,185
224,166
225,145
77,122
89,113
105,111
120,114
135,120
153,122
168,117
183,114
199,116
210,127
142,135
142,146
141,158
140,170
125,184
132,186
140,187
148,186
156,185
95,135
104,131
114,131
122,138
113,139
103,138
165,139
173,134
183,134
192,139
183,142
173,141
116,216
123,206
133,200
140,203
148,201
158,207
167,217
159,224
149,228
141,228
132,228
123,223
121,215
133,211
140,212
148,211
162,216
149,215
141,215
133,214
