61,133
62,155
64,176
67,196
73,216
83,233
98,247
116,258
138,262
161,261
183,251
201,239
214,224
220,204
224,183
228,162
231,140
76,109
86,100
101,97
116,100
130,107
158,108
173,103
189,101
204,105
214,117
144,128
143,143
142,157
141,171
125,182
133,185
141,188
149,186
158,184
92,129
101,125
112,126
121,133
111,134
100,133
167,135
176,129
186,129
196,135
187,138
176,137
112,215
122,207
132,203
140,206
148,204
159,209
169,217
158,225
148,228
139,228
130,227
121,223
117,215
132,214
140,215
148,215
163,217
148,215
140,215
131,214
