80,149
81,169
83,189
88,210
95,230
107,248
121,265
139,278
158,281
178,277
194,264
207,247
218,228
224,207
228,185
230,163
231,142
96,136
106,127
119,124
132,126
144,132
169,130
181,124
194,121
205,123
213,131
157,148
157,163
158,177
158,191
142,199
150,201
158,204
166,201
174,198
112,150
119,144
130,145
137,153
128,154
118,154
176,151
183,143
193,142
200,147
194,151
184,152
126,220
137,216
149,214
158,216
166,214
178,216
190,219
179,234
167,242
158,244
148,243
136,236
129,221
149,221
158,221
167,220
186,221
167,233
157,234
148,233
