76,136
78,156
80,176
84,196
90,214
101,230
116,242
132,252
150,255
169,252
185,241
199,228
210,213
217,194
220,175
223,156
224,136
88,124
99,116
113,115
127,118
140,123
165,124
178,119
192,116
206,117
216,126
152,138
153,150
153,161
153,173
136,183
145,184
153,186
161,184
169,183
105,139
114,134
124,135
131,142
122,143
113,142
174,142
181,135
191,135
199,139
191,143
182,143
125,208
136,203
145,200
153,202
160,199
169,202
179,206
170,213
161,217
153,218
145,218
135,215
130,208
145,207
153,208
160,207
174,206
160,206
153,207
145,207
