67,105
59,124
53,146
49,168
49,190
55,211
65,230
77,247
96,258
120,260
145,254
169,245
189,233
204,217
216,198
225,178
234,157
85,85
96,79
109,79
122,84
132,94
159,102
175,99
191,103
203,113
211,126
139,116
134,130
128,143
122,156
104,162
111,167
118,173
129,173
140,172
91,105
102,103
111,107
118,116
108,112
98,109
162,129
174,126
184,129
192,137
181,135
171,132
82,183
94,178
106,179
115,183
126,184
139,192
152,205
133,215
118,217
107,215
97,211
87,200
86,185
104,186
113,189
123,191
146,204
121,206
111,204
101,200
