69,133
71,154
74,174
77,195
82,215
94,233
110,246
130,256
153,259
175,256
196,247
212,233
223,216
229,195
232,174
234,153
235,131
84,117
95,108
110,105
125,107
139,112
167,111
180,104
195,102
210,104
221,112
153,128
153,142
153,155
153,168
138,180
145,182
153,183
160,182
168,181
104,133
113,128
123,128
131,134
122,136
112,136
175,133
183,126
193,125
202,129
194,133
184,134
124,208
134,201
144,198
152,201
160,198
171,202
181,208
171,217
161,220
152,221
143,220
133,216
128,208
144,206
152,207
160,206
177,209
160,209
152,210
144,209
