70,130
71,152
73,173
76,195
83,216
95,234
112,250
130,264
152,268
174,265
193,252
210,237
224,220
231,199
236,177
240,155
241,133
89,119
101,113
116,113
130,117
143,124
171,123
184,117
198,114
213,115
224,123
157,139
156,153
156,167
155,181
140,191
147,194
155,196
163,194
171,193
106,138
116,134
126,135
134,142
124,143
114,142
180,142
188,136
198,135
207,140
199,144
189,144
124,216
135,211
146,209
155,211
163,209
174,213
185,218
174,229
163,233
154,233
144,232
133,227
128,217
146,219
154,220
163,220
181,218
163,220
154,220
145,219
