72,141
75,162
79,182
83,202
90,220
100,237
114,250
131,259
151,262
171,260
188,252
203,240
214,224
220,204
223,184
225,163
226,142
87,120
96,110
109,107
122,110
134,116
163,118
175,112
188,109
202,111
211,121
148,138
149,152
149,165
150,179
136,189
143,191
150,192
157,191
163,189
102,139
110,135
120,135
128,142
119,144
110,144
169,144
178,137
187,136
195,141
188,145
179,146
125,214
134,208
143,205
149,207
157,206
166,210
175,216
166,223
157,225
149,225
143,224
134,221
129,214
143,213
149,214
157,213
170,216
157,215
149,216
143,215
