62,128
64,150
66,172
70,193
76,213
89,229
106,242
127,250
151,251
175,247
194,237
210,224
222,207
228,188
231,167
233,145
234,124
84,109
92,98
106,92
120,94
133,99
162,97
176,91
191,90
204,95
213,106
148,118
149,133
150,147
150,162
134,174
142,176
150,177
158,175
166,172
98,124
107,118
117,118
126,125
117,128
106,128
170,123
179,116
190,115
198,121
190,125
180,126
120,205
132,198
142,194
151,196
160,193
170,196
181,202
171,208
161,212
152,213
142,213
132,211
125,205
142,202
151,202
161,201
176,203
160,202
151,203
142,203
