70,152
72,173
75,195
79,216
86,238
100,257
117,273
136,284
157,286
176,282
192,270
206,253
216,235
223,215
228,195
231,174
232,153
84,132
95,121
110,119
126,121
141,128
169,126
184,119
200,118
216,122
225,134
156,147
156,163
156,179
156,195
141,205
149,207
157,210
164,207
171,204
101,149
111,143
123,144
132,151
122,154
110,154
177,151
188,143
199,143
208,149
200,153
188,153
128,235
139,229
150,224
157,227
164,224
174,227
186,232
174,240
165,244
157,245
149,245
139,242
133,235
149,233
157,234
165,233
180,232
165,233
157,234
150,233
