71,127
72,146
74,163
76,182
82,199
92,214
105,227
120,238
140,241
161,240
179,230
195,219
208,205
215,188
217,169
220,150
222,131
83,110
93,101
106,98
120,100
133,105
153,104
168,100
183,100
198,104
208,114
143,122
143,135
143,147
142,160
128,171
135,173
142,175
149,173
157,172
99,125
107,121
116,121
124,127
115,128
106,128
165,128
173,123
182,123
190,128
182,130
173,130
117,195
125,190
135,187
142,190
149,188
159,192
169,197
159,204
149,208
141,208
133,207
125,203
121,196
135,196
142,197
149,197
165,197
149,197
141,198
134,196
