69,131
71,151
74,172
79,192
86,211
97,228
112,243
131,254
153,257
176,254
195,242
210,226
221,208
227,188
231,168
234,149
235,128
84,111
94,101
109,99
123,103
136,109
165,106
179,100
193,98
207,100
218,109
151,125
151,139
152,153
152,166
137,178
144,180
152,181
159,180
167,178
100,129
110,124
120,124
128,131
119,133
109,133
175,130
183,124
194,123
202,128
195,132
185,132
122,204
133,199
145,196
153,198
161,196
171,199
183,203
171,213
161,218
152,219
143,218
132,214
127,205
144,205
153,206
161,205
177,205
161,206
152,207
144,206
