67,145
69,165
71,187
74,207
81,226
93,241
110,253
129,261
150,262
173,259
193,252
210,240
222,224
228,204
232,183
233,162
234,141
82,123
92,114
105,111
120,112
135,115
160,114
174,109
189,108
204,112
215,121
146,133
147,145
147,157
147,170
132,185
140,186
148,187
156,185
165,184
97,138
106,133
117,133
126,140
116,141
106,141
171,138
180,132
191,131
201,135
192,139
181,140
118,213
128,206
139,201
148,204
157,200
170,205
183,212
170,218
158,220
149,221
140,220
129,217
122,213
139,211
148,211
157,211
178,212
158,210
149,211
140,210
