65,134
64,154
65,175
68,197
75,218
86,238
99,255
115,271
137,276
160,272
184,260
206,245
225,226
236,204
241,179
241,153
240,129
69,115
76,103
88,100
102,102
116,106
143,104
160,98
176,95
194,98
208,107
129,127
128,143
127,159
125,176
110,187
119,190
128,192
139,189
149,187
83,129
92,124
103,124
111,132
102,134
91,134
157,130
167,123
178,121
188,126
179,131
168,131
105,217
115,214
124,213
132,215
140,212
154,214
172,213
156,223
142,228
133,229
125,228
116,225
110,217
124,219
132,220
141,218
167,214
141,218
132,220
125,218
