60,122
62,145
66,168
70,189
78,209
91,226
106,242
123,255
144,260
165,255
183,241
200,227
216,211
225,190
228,168
231,145
232,123
72,113
82,100
98,94
116,96
133,103
158,103
174,95
192,93
209,99
219,114
145,121
144,135
144,149
144,162
127,173
135,176
144,177
153,175
162,173
91,125
101,121
112,121
122,127
111,128
100,128
168,127
179,121
189,121
199,125
190,128
179,128
115,201
126,195
137,192
145,194
153,191
165,194
177,199
166,211
154,217
145,217
136,216
126,212
121,201
137,200
145,200
154,200
171,200
154,204
145,205
137,204
