59,125
62,149
67,173
72,196
80,218
93,238
108,255
127,267
149,270
171,267
190,252
206,235
220,217
228,195
232,172
235,149
237,126
76,104
87,93
103,90
118,92
134,99
160,99
175,93
191,91
206,94
217,105
147,121
147,138
147,155
146,172
131,185
139,187
147,188
155,187
163,185
96,121
105,115
116,116
125,125
115,127
104,126
170,125
178,116
189,116
198,122
190,126
179,127
119,217
130,212
140,209
148,211
156,209
166,212
177,217
167,224
157,229
148,230
140,229
130,224
124,218
140,217
148,218
156,217
172,217
156,217
148,218
140,217
