65,129
67,151
71,173
75,194
82,214
94,231
110,244
129,253
150,255
171,253
190,244
208,231
220,215
228,195
231,173
234,152
236,129
83,112
95,103
111,102
126,105
140,112
158,110
172,104
187,100
202,103
214,111
149,129
149,143
149,156
149,170
135,183
142,184
149,186
156,184
164,182
99,131
108,126
119,127
128,136
118,138
107,137
171,135
179,127
190,125
199,131
192,136
181,137
120,211
132,206
142,203
150,204
158,203
168,205
179,211
168,217
158,220
150,221
142,220
132,218
125,211
142,210
150,211
158,210
174,211
158,210
150,211
143,210
