73,132
74,151
77,169
80,187
87,204
99,219
113,232
130,241
150,243
170,240
185,230
198,217
209,202
215,184
218,165
220,147
220,129
88,116
97,107
109,103
122,104
135,108
158,107
171,102
183,101
196,105
204,114
147,124
147,134
148,145
148,156
134,169
141,170
148,171
154,170
161,169
104,127
112,122
121,122
127,128
120,130
111,130
167,127
174,122
182,121
189,125
183,128
175,129
125,197
133,190
141,186
148,188
155,186
163,190
171,197
163,203
155,206
148,206
141,206
133,203
129,196
141,194
148,194
155,194
167,196
155,195
148,196
141,195
