72,136
73,156
75,175
78,195
85,214
96,229
111,242
129,252
151,254
172,251
189,241
204,228
214,212
221,193
225,175
228,156
229,136
88,118
98,109
112,106
125,110
138,116
163,117
176,112
190,109
203,111
213,121
151,131
151,142
151,153
151,164
135,176
143,178
151,179
159,178
167,176
104,134
112,129
122,130
130,137
120,139
111,138
172,137
180,131
189,130
197,135
190,139
180,139
121,204
132,197
143,193
151,195
158,193
169,197
179,204
169,212
159,215
151,216
142,216
131,212
127,204
142,202
151,203
159,202
173,204
159,204
151,205
142,204
