73,149
74,170
77,191
81,212
86,233
98,249
114,263
132,274
153,277
175,275
195,264
212,251
225,234
232,213
234,191
237,170
239,149
86,135
96,128
109,129
122,134
134,140
168,140
181,134
195,130
210,129
221,137
152,158
151,174
150,189
149,204
136,211
143,214
150,216
159,214
166,212
104,156
113,152
123,154
129,162
121,163
111,161
176,162
183,154
193,152
202,157
195,162
185,163
122,232
134,231
144,230
151,233
159,231
170,232
184,232
171,241
160,245
152,246
143,244
134,239
126,233
144,235
151,237
160,236
180,233
160,236
152,237
144,235
