73,129
75,150
79,171
85,191
94,211
106,228
123,243
141,254
161,256
181,252
197,240
210,224
220,206
226,185
230,165
233,145
233,124
89,110
101,102
116,103
130,107
144,112
168,111
181,106
195,102
209,102
220,109
156,129
157,143
158,156
159,170
144,183
151,184
159,185
166,183
173,181
106,131
114,126
125,126
133,134
124,136
113,136
179,133
186,125
196,124
205,129
197,134
187,135
130,210
142,204
153,200
160,202
167,199
177,202
188,208
178,217
169,221
161,222
153,222
142,218
135,211
153,210
160,210
167,209
183,209
168,208
161,210
153,209
