66,139
69,161
72,181
75,202
81,221
94,236
111,247
129,256
150,259
170,256
188,246
204,233
216,218
222,198
225,178
228,157
230,136
83,125
92,116
106,112
120,114
133,119
161,117
175,113
189,111
203,113
212,122
148,138
148,151
148,164
148,178
133,188
140,190
147,192
155,190
162,187
100,140
109,137
118,137
126,143
118,144
108,143
170,142
178,136
186,136
194,139
187,142
179,143
124,215
134,210
142,207
149,208
156,206
165,209
175,213
166,218
157,221
149,222
142,222
133,220
128,215
142,213
149,214
156,213
171,213
156,212
149,214
142,213
