68,128
70,149
73,170
77,190
86,208
98,223
113,237
129,249
148,253
167,249
184,237
199,223
211,207
218,189
222,168
225,148
227,127
84,113
94,103
108,100
122,103
135,110
162,109
175,103
189,100
203,104
212,114
149,128
149,142
149,156
149,171
133,180
141,181
149,183
157,181
165,180
101,128
110,124
119,124
127,132
119,132
109,132
171,132
179,125
188,124
196,129
189,132
179,133
122,204
133,200
142,197
149,199
156,197
166,200
176,203
166,211
157,216
149,217
142,217
132,213
127,205
142,205
149,206
157,205
171,204
157,205
149,206
142,205
