71,145
72,165
74,185
77,205
82,223
95,238
112,250
131,260
152,263
174,261
192,251
207,240
218,225
223,207
225,187
228,169
231,149
90,128
99,118
113,115
127,116
140,122
165,123
179,118
193,117
207,121
215,132
152,139
152,152
151,166
150,180
133,189
142,191
150,193
159,192
167,190
106,142
114,136
123,136
131,143
123,144
113,144
172,144
181,137
190,138
198,144
190,146
181,145
123,213
133,209
143,207
150,210
158,208
168,211
179,214
168,221
158,224
151,224
142,223
133,219
127,213
143,214
150,215
158,215
175,215
158,214
150,214
143,213
