72,133
72,153
74,173
77,193
84,211
97,227
114,239
132,250
152,252
172,250
189,240
205,228
218,212
226,194
229,174
231,154
232,135
92,118
103,112
116,109
130,112
142,118
170,116
181,111
193,108
205,110
214,117
156,136
156,149
156,161
156,174
141,184
148,186
155,187
163,186
170,184
109,136
118,131
128,132
135,140
127,141
117,140
175,139
182,131
192,131
200,136
193,140
183,140
126,208
138,204
148,201
155,203
161,201
170,205
181,209
170,216
161,219
154,219
146,219
136,216
130,209
148,210
155,211
161,210
176,210
161,209
154,210
147,209
