64,125
65,143
67,162
70,181
75,201
84,218
97,233
114,244
133,246
155,244
175,235
192,222
206,206
214,186
218,165
220,143
221,122
75,100
83,90
97,88
111,90
125,94
144,94
159,89
174,87
189,90
199,100
133,112
133,124
133,136
132,148
117,162
124,164
132,165
140,163
149,162
89,117
97,113
106,112
115,118
106,120
96,120
156,118
164,112
174,112
183,117
175,119
165,119
103,192
112,184
123,180
132,182
141,180
153,183
165,190
154,203
142,209
132,210
122,209
111,203
107,192
123,187
132,188
141,187
160,191
141,197
132,199
122,197
