58,117
58,140
61,163
65,186
71,207
83,225
100,238
120,249
143,252
166,249
188,240
207,226
220,208
226,186
230,164
233,140
234,116
71,100
83,91
99,90
114,93
130,97
151,96
168,91
185,89
202,90
215,100
141,117
141,132
140,148
140,164
125,174
132,177
140,179
149,176
157,174
88,118
98,114
109,114
118,122
108,122
97,122
168,121
177,114
187,114
198,118
189,121
178,122
116,203
126,196
135,191
142,193
148,191
158,195
170,202
159,208
149,211
142,211
134,211
126,209
121,203
135,200
142,201
149,200
165,202
149,200
142,201
135,200
