64,133
64,153
65,172
68,192
74,210
85,226
101,239
119,249
140,253
163,251
185,243
206,232
221,217
231,198
236,176
238,154
239,132
75,107
83,96
97,93
111,96
125,101
155,100
170,93
186,91
203,95
214,106
139,118
139,130
138,142
137,154
121,169
129,171
138,173
147,171
156,169
90,123
98,117
109,117
117,124
108,126
98,126
166,123
175,117
186,116
195,122
186,124
176,124
108,202
119,195
130,191
139,192
148,190
161,193
176,200
162,209
149,213
140,214
130,213
120,210
114,202
130,199
139,199
148,199
170,200
149,202
139,203
131,202
