70,128
71,148
73,168
75,188
80,207
90,223
105,236
122,247
143,252
164,250
184,241
201,230
215,215
222,196
226,175
230,155
233,134
89,102
99,94
113,94
125,98
138,104
168,106
181,101
194,98
208,99
217,108
152,121
151,133
150,145
149,157
134,168
141,170
148,172
156,172
164,171
105,123
114,119
123,120
131,126
122,127
113,126
174,127
183,121
191,121
199,125
192,128
183,128
117,196
127,188
138,185
146,187
154,186
164,191
174,202
163,209
152,211
143,211
135,210
125,205
122,196
137,191
146,193
154,193
169,201
152,201
144,201
136,199
