65,138
66,158
69,177
72,197
77,215
89,229
105,241
124,250
148,252
173,249
192,239
209,226
221,211
227,192
230,172
232,153
233,132
80,112
89,100
103,95
118,97
132,102
164,100
178,94
193,92
208,96
217,108
148,120
148,132
148,144
148,157
132,170
140,171
148,172
157,171
165,170
99,127
108,122
118,121
126,127
117,129
107,129
172,125
180,119
190,119
198,124
190,126
181,127
119,199
129,191
139,188
148,191
157,188
168,191
178,199
168,207
157,211
148,211
139,210
128,206
125,199
139,199
148,199
157,199
173,199
157,199
148,200
139,198
