72,137
75,156
79,175
84,193
92,210
105,223
122,234
140,242
159,244
177,240
192,231
206,219
216,204
221,187
223,168
226,149
226,129
90,120
99,110
112,106
126,107
139,112
168,111
180,105
194,102
207,105
215,115
154,126
156,137
157,148
158,160
143,172
150,173
158,174
165,172
172,171
106,131
114,126
125,125
133,132
125,134
114,134
174,129
181,122
191,121
199,126
192,130
183,130
130,198
141,191
151,187
158,189
165,187
175,190
184,195
176,203
167,207
159,208
151,208
141,205
135,198
151,197
159,197
165,197
180,196
166,196
159,197
151,196
