63,132
65,160
69,188
74,213
85,235
104,254
126,268
149,278
171,280
191,274
206,259
218,241
229,221
235,200
240,179
244,157
246,134
93,118
109,109
128,107
146,110
162,118
194,117
208,111
222,108
235,110
243,121
180,139
182,156
183,173
185,189
162,202
172,204
181,206
189,204
196,202
114,138
126,133
139,134
149,142
137,145
124,144
197,143
207,134
219,133
227,138
220,145
208,146
140,229
155,225
169,222
178,226
186,223
195,226
201,230
193,236
185,241
176,242
167,241
154,236
145,229
168,230
178,232
186,231
197,230
185,229
176,230
168,230
