84,146
86,166
90,185
95,203
105,219
118,232
133,244
148,255
165,258
182,254
196,243
209,230
219,215
226,197
229,178
230,159
230,139
94,132
104,124
117,123
129,126
141,133
166,134
178,128
191,124
204,123
216,130
154,147
155,163
155,179
155,194
142,199
149,201
157,204
165,201
172,197
110,146
118,142
127,143
135,149
127,150
117,150
176,148
183,141
193,140
201,144
194,148
184,148
133,214
142,213
151,211
159,213
166,210
174,210
185,210
176,220
168,225
160,226
152,226
143,222
137,215
151,216
159,217
166,215
180,212
167,216
160,217
151,216
