77,133
78,153
80,173
82,194
87,213
97,230
112,243
131,253
152,257
173,255
193,247
209,235
220,218
226,198
228,177
230,156
231,134
96,105
102,93
115,86
129,87
142,93
166,95
179,88
193,87
207,93
214,105
154,113
154,126
154,138
154,151
141,168
148,169
155,171
162,169
169,167
111,119
119,115
128,115
136,119
127,120
119,121
173,119
182,114
191,114
199,118
191,120
182,120
125,200
136,191
148,186
156,188
164,186
175,191
186,200
176,210
165,214
156,215
147,213
136,209
130,200
148,197
156,198
164,197
181,200
164,201
156,201
148,200
