73,126
74,147
77,167
80,188
86,207
97,223
111,237
127,248
148,251
168,248
184,237
199,223
210,206
216,187
218,166
220,145
221,124
84,110
93,101
105,98
119,100
132,104
156,103
169,97
183,97
197,99
207,107
145,121
146,134
146,146
147,160
132,173
139,175
147,177
154,175
161,172
100,125
108,120
118,120
126,126
118,127
108,128
165,125
174,120
183,119
191,123
184,127
174,127
121,202
130,196
140,194
147,196
154,194
164,196
174,201
165,210
155,215
147,216
139,215
130,211
125,202
140,202
147,203
154,202
169,201
155,204
147,205
140,204
