68,135
70,156
74,176
80,196
88,215
99,233
113,248
131,259
152,262
172,257
190,245
204,229
215,211
222,191
226,169
229,148
230,127
81,113
91,102
106,100
120,102
133,108
155,106
169,99
184,95
200,96
212,107
145,123
146,137
146,151
147,166
133,181
141,182
148,183
155,182
162,180
96,128
104,121
115,121
122,129
114,130
104,131
169,126
176,117
186,116
195,122
188,126
178,127
122,212
131,204
141,198
148,201
155,198
166,203
176,210
166,217
156,221
149,222
142,222
132,219
127,212
141,210
148,210
155,209
171,210
155,209
148,210
142,209
