71,124
71,146
73,167
74,189
79,210
89,227
104,241
121,252
141,256
161,254
179,244
194,231
206,215
213,196
217,175
221,154
224,132
84,113
95,103
111,104
125,110
139,117
162,120
175,114
189,109
204,109
214,119
149,133
148,148
148,162
148,177
130,185
138,187
146,189
155,188
163,187
99,130
109,129
118,130
125,136
116,137
107,135
171,139
180,134
189,133
197,136
190,141
180,141
117,212
128,207
138,204
146,207
154,204
163,208
172,212
163,219
153,223
144,224
136,223
126,219
121,212
138,211
146,213
154,212
168,212
153,211
145,213
137,211
