64,142
65,163
68,184
71,205
79,224
93,240
110,253
130,262
153,264
176,261
196,252
213,240
225,223
231,203
234,182
236,161
235,140
80,124
91,113
107,110
122,113
136,120
158,120
172,113
188,109
204,112
216,123
147,137
147,150
147,164
147,177
134,191
141,192
148,192
155,192
162,191
97,137
106,132
117,133
125,141
116,143
105,142
171,141
179,133
190,132
199,137
192,142
181,143
124,220
132,211
141,206
149,209
157,206
168,212
178,220
170,228
159,231
151,231
142,230
133,227
129,220
141,216
149,217
157,216
173,220
158,217
150,218
142,217
