58,135
60,160
64,185
70,209
82,230
98,247
118,260
140,269
164,271
183,266
197,254
207,238
215,220
220,201
224,181
226,161
226,142
93,121
107,111
126,107
144,109
160,116
180,117
192,113
205,111
217,115
223,126
171,133
172,146
174,158
176,171
153,188
163,190
172,192
179,190
185,188
111,134
121,128
133,129
142,136
133,138
121,138
184,138
193,131
204,132
211,138
204,141
194,141
138,221
152,212
164,207
170,210
176,208
184,214
189,223
183,228
176,231
169,231
162,231
151,228
143,220
163,217
170,218
176,218
184,222
176,220
170,220
163,219
