68,142
70,163
74,184
78,205
87,223
101,238
117,250
136,259
158,261
179,258
197,249
212,236
224,220
232,200
236,178
238,157
238,135
82,121
91,109
106,104
121,106
136,111
157,110
173,104
190,101
206,106
219,117
148,129
149,141
149,153
150,166
134,180
143,181
152,182
160,181
168,179
101,133
110,130
119,130
127,135
119,136
109,136
173,133
181,128
190,128
199,131
191,134
182,134
125,210
134,202
145,197
153,199
161,196
172,200
182,208
172,214
163,217
154,218
145,218
135,216
130,210
145,207
153,207
162,206
177,208
162,205
154,205
145,205
