71,132
72,152
75,171
79,189
84,207
93,222
108,234
125,243
145,246
164,244
183,236
199,224
211,208
218,190
221,170
223,149
223,129
81,115
91,107
105,105
118,108
131,113
158,110
172,106
185,103
199,104
209,112
146,131
146,144
146,157
147,170
133,182
140,183
147,184
154,183
162,181
97,135
106,130
116,130
125,137
116,139
105,139
168,135
177,128
187,127
195,132
188,136
178,137
118,207
129,202
140,199
147,202
154,200
164,203
175,207
164,215
154,219
146,220
138,219
128,216
122,207
139,208
147,209
154,208
170,207
154,208
146,209
139,208
