78,138
77,160
77,182
80,203
88,223
101,241
118,256
137,269
156,273
174,269
189,256
201,241
211,224
218,206
223,188
226,170
228,152
106,127
119,121
133,122
147,127
161,133
182,136
193,132
205,129
216,130
223,139
169,149
169,162
169,176
169,189
151,200
159,201
166,203
173,202
180,201
120,145
129,142
138,143
145,150
137,151
127,149
186,154
193,148
202,148
209,153
203,155
194,155
134,222
147,219
158,217
165,219
172,218
180,221
187,224
179,234
171,238
163,238
156,237
145,232
138,222
158,224
164,226
171,225
183,225
171,226
164,227
157,225
