74,137
76,157
79,176
82,196
89,214
101,230
116,245
133,256
153,258
173,254
189,242
202,227
213,211
219,193
222,173
224,154
225,135
87,123
98,114
112,113
126,116
138,122
162,121
175,115
188,112
201,113
211,121
150,137
151,150
152,163
152,177
136,187
144,188
152,190
160,188
167,185
105,138
113,132
124,133
130,141
122,142
113,142
170,140
177,132
186,131
194,137
187,140
178,141
122,209
133,205
144,203
152,205
160,203
171,204
181,206
171,217
162,224
153,225
144,225
133,219
127,210
144,212
152,213
161,212
177,208
161,211
153,213
144,212
