65,119
68,143
70,167
74,189
82,210
95,226
111,240
129,251
149,254
169,252
187,241
203,228
217,212
225,192
229,169
232,145
235,122
86,109
97,102
112,102
125,105
138,110
163,109
177,104
191,101
206,102
216,111
152,129
152,143
152,157
152,171
133,181
142,182
151,184
160,183
168,182
102,128
111,124
121,125
129,133
120,134
110,133
172,133
180,126
190,126
198,130
191,135
181,135
122,208
133,204
144,201
151,204
158,202
168,206
178,210
168,216
158,220
150,220
143,219
133,214
127,208
143,208
150,209
158,209
173,210
158,209
151,209
143,208
