78,139
79,160
81,180
83,201
89,221
101,236
117,249
136,258
158,262
180,259
198,249
213,237
224,222
229,202
230,180
232,159
233,138
94,113
104,103
119,101
133,104
146,111
173,110
185,103
199,100
213,102
222,113
160,128
160,140
160,153
161,166
144,181
152,182
161,183
168,182
175,181
111,130
119,126
130,126
138,134
129,135
119,135
180,134
189,127
199,126
207,131
200,135
190,136
131,213
142,206
153,202
161,204
169,202
180,206
190,212
180,220
170,224
161,224
153,224
141,221
135,213
153,212
161,212
169,212
185,212
169,212
161,212
153,212
