77,127
79,146
83,164
86,184
92,201
103,216
118,227
134,236
153,238
172,235
189,226
204,214
214,200
220,182
223,163
226,144
228,125
93,116
103,108
117,107
130,110
142,116
164,116
176,111
189,108
202,109
212,116
153,128
153,140
153,153
153,165
140,175
147,176
153,178
160,176
166,174
109,128
117,124
126,124
133,132
125,133
115,132
174,132
181,124
190,124
198,128
191,132
182,133
129,198
138,194
147,191
153,193
160,191
168,194
177,197
169,202
160,205
153,205
146,205
138,203
133,198
147,197
154,197
160,197
174,197
160,197
153,198
147,197
