67,134
69,158
72,180
76,202
82,222
94,239
110,253
128,264
148,266
169,263
186,253
200,239
211,222
217,202
219,181
222,159
223,136
85,132
95,122
110,121
124,125
138,131
157,131
171,126
185,123
199,125
209,134
148,146
148,163
148,179
148,196
131,200
139,203
148,207
157,203
165,200
102,145
110,141
119,142
127,148
119,148
110,148
169,148
177,142
186,142
193,147
186,149
177,149
120,222
132,220
141,219
148,221
156,219
165,220
175,223
165,230
156,232
148,233
140,232
131,229
125,223
141,224
148,225
156,224
170,224
156,225
148,226
141,224
