59,147
60,169
63,192
66,214
72,235
84,253
104,266
126,277
152,281
179,277
201,267
220,254
233,236
239,214
241,191
244,169
246,145
79,123
90,113
106,112
121,117
135,123
166,121
181,114
196,109
211,110
223,119
151,144
151,158
151,172
151,186
135,199
144,201
152,202
160,200
168,199
98,149
108,145
119,145
128,151
118,154
107,153
177,150
186,145
196,144
205,147
197,152
186,152
124,229
135,220
145,216
152,218
160,216
171,220
182,229
171,236
161,240
152,240
144,240
134,236
130,228
145,226
152,226
160,226
176,228
161,228
152,229
145,228
