66,128
69,151
72,175
77,197
84,220
97,239
115,256
136,269
160,272
184,267
204,253
221,235
234,216
241,194
245,172
248,149
250,126
83,114
94,101
111,96
129,97
145,103
174,105
190,99
208,97
224,102
235,114
160,129
161,142
161,156
161,171
142,185
151,186
160,187
169,185
178,184
101,132
111,129
122,129
132,133
122,136
111,137
187,133
198,128
209,128
218,131
209,135
198,136
129,218
141,210
152,205
160,207
168,205
179,210
190,218
178,225
168,228
159,229
151,229
140,225
134,218
152,215
160,215
168,214
184,218
168,216
159,217
152,216
