73,136
74,157
77,178
81,198
88,217
100,234
116,247
134,257
155,259
175,256
191,245
206,232
217,216
224,197
228,178
232,158
234,137
89,117
101,109
116,110
130,114
144,120
168,119
182,113
195,109
210,109
220,117
156,136
155,149
155,162
155,175
140,188
147,189
155,190
162,189
170,188
106,137
115,133
125,133
133,140
124,141
114,141
179,140
187,134
197,133
205,137
198,141
188,142
126,217
137,210
147,206
155,208
163,205
173,210
183,216
173,224
163,228
155,229
147,229
136,225
131,217
147,216
155,216
163,215
178,216
163,215
155,217
147,216
