71,132
71,152
72,171
74,191
81,210
95,224
114,237
133,247
153,252
173,252
191,243
207,231
219,217
226,200
231,181
233,162
234,143
100,114
111,104
126,100
141,101
155,107
175,111
188,106
203,108
216,115
222,128
165,126
165,140
166,154
166,168
145,175
153,178
162,182
171,181
180,179
116,125
125,121
135,122
143,129
134,128
124,127
181,134
191,128
200,129
208,135
200,135
190,134
127,197
141,192
153,190
161,192
169,191
180,196
189,204
178,212
168,214
159,214
151,212
139,207
132,198
152,199
161,200
169,200
185,204
168,204
160,203
152,202
