65,133
68,155
73,176
78,197
85,216
98,232
115,245
135,255
156,257
177,251
193,240
208,226
218,209
222,190
226,169
229,149
231,129
80,110
90,98
106,94
122,96
136,102
159,98
175,93
191,90
206,95
217,107
149,122
150,136
150,150
151,164
136,178
144,179
152,180
160,178
168,175
97,129
106,122
117,122
127,130
117,132
106,132
170,128
178,120
188,119
197,126
190,129
179,129
125,206
135,198
145,193
153,195
161,192
171,195
180,201
172,208
163,213
154,215
146,215
136,212
130,205
145,203
153,204
162,202
176,201
162,202
154,204
146,203
