70,127
71,149
74,170
78,190
85,211
97,228
111,244
129,257
148,261
167,256
184,242
198,226
210,208
217,189
221,168
223,147
223,126
85,115
94,106
107,104
120,106
132,112
160,110
173,104
186,102
199,104
210,113
147,127
147,143
148,158
148,173
131,181
139,183
148,186
156,183
164,180
101,132
109,127
118,127
126,133
118,135
108,134
169,132
177,126
187,125
195,129
188,133
178,134
116,201
128,198
140,197
148,199
157,197
169,197
181,199
170,214
158,221
149,223
140,222
128,215
121,202
140,201
149,202
157,201
176,200
158,212
149,214
140,213
