72,126
73,146
77,164
81,183
88,200
100,214
115,226
132,233
151,234
170,231
186,222
199,211
209,196
214,179
218,161
222,142
223,123
89,110
98,99
113,95
128,98
141,104
158,102
171,95
185,92
200,94
209,105
150,118
150,130
151,141
151,152
137,164
144,165
151,166
157,165
164,163
105,122
113,117
122,117
130,123
122,125
113,125
169,122
178,115
187,114
194,119
188,122
178,123
125,191
135,184
144,180
150,181
157,179
166,183
175,189
167,196
158,199
151,200
144,200
135,198
130,191
144,189
150,189
157,189
171,189
157,188
150,188
144,188
