54,121
55,148
56,175
59,201
69,226
85,246
106,264
131,277
161,280
190,276
211,263
227,245
238,224
246,200
251,176
256,151
258,128
88,92
101,79
119,75
138,80
156,88
181,89
199,82
218,79
235,85
246,100
170,105
171,121
172,138
173,154
151,175
160,176
169,178
177,177
185,177
104,110
116,105
129,106
139,112
127,114
114,114
194,115
206,110
218,110
228,117
218,120
206,118
127,216
144,207
158,202
168,205
179,202
191,208
204,216
191,223
179,225
168,226
156,225
143,222
133,215
157,211
168,213
179,211
198,216
179,212
168,213
157,211
