79,145
80,164
82,183
85,202
91,220
102,236
117,249
136,259
156,261
175,258
189,246
200,231
207,215
211,198
215,181
218,165
219,148
96,129
106,121
119,119
133,121
146,125
172,125
184,121
195,120
207,122
214,130
160,140
160,154
161,167
161,180
145,190
152,192
159,194
166,192
171,190
111,144
120,139
129,140
137,145
128,147
119,147
176,145
184,140
193,140
201,145
194,147
185,147
128,213
140,210
151,208
158,210
166,208
173,210
183,212
174,221
166,224
159,225
151,224
140,221
132,214
151,215
158,215
166,214
179,214
166,215
159,216
151,215
