73,139
75,159
78,179
81,199
88,218
100,234
116,247
133,257
152,261
172,258
189,248
204,236
216,221
222,202
226,182
229,163
230,143
92,126
105,120
118,121
131,124
144,128
165,128
177,124
189,121
203,121
214,127
154,143
154,155
154,168
153,181
138,190
145,192
153,194
160,193
168,191
109,143
118,140
127,141
133,146
125,147
117,146
175,146
182,142
190,141
198,144
191,147
183,147
124,215
134,209
144,205
152,208
160,205
170,210
180,217
170,225
160,228
152,229
144,227
133,223
128,216
144,215
152,216
160,215
176,217
160,215
152,216
144,215
