71,131
73,150
75,170
78,189
85,206
97,221
113,233
130,243
151,247
171,244
189,234
205,222
217,208
223,189
227,169
229,149
231,130
88,114
99,107
112,106
125,108
138,112
162,111
175,107
189,106
202,107
213,115
150,126
150,137
149,149
149,160
134,170
142,172
149,174
157,172
164,170
105,128
112,121
123,122
130,130
121,132
112,131
171,130
178,122
189,121
197,127
190,131
180,132
119,193
131,188
142,185
150,186
157,185
169,188
180,193
170,203
159,207
150,207
142,207
131,203
124,194
142,194
150,194
158,194
175,194
158,195
150,196
142,195
