76,120
76,139
77,159
80,178
86,196
96,212
108,229
122,242
140,246
158,244
174,233
188,219
200,205
209,188
214,170
218,152
221,133
91,108
101,101
114,101
126,105
138,113
162,116
175,112
188,110
200,113
209,122
149,131
147,144
146,157
144,171
131,178
137,180
143,183
151,181
158,180
104,128
113,125
122,126
129,133
120,134
111,133
169,137
176,132
185,133
192,137
185,140
176,140
118,199
128,197
137,195
143,197
150,195
159,199
168,202
159,211
150,215
142,216
135,214
127,209
123,200
137,202
143,204
150,203
164,203
150,204
143,204
136,203
