67,146
68,168
71,190
75,211
82,230
93,246
107,259
125,268
147,270
168,267
187,258
202,244
214,228
220,208
224,188
226,167
226,145
80,127
92,117
108,117
123,121
138,128
155,129
170,124
184,119
200,118
212,127
147,142
147,154
147,166
147,178
131,193
139,193
148,195
156,193
164,193
97,144
106,140
117,141
124,147
115,149
105,148
170,147
177,141
187,141
196,144
188,148
179,148
117,223
128,215
140,210
148,213
157,211
168,216
176,224
168,234
157,238
147,239
138,238
127,235
122,223
140,222
148,223
157,222
172,224
156,223
147,224
139,223
