67,133
68,154
71,174
74,194
81,212
94,227
110,240
129,250
149,253
169,250
187,239
203,227
215,212
222,194
225,175
227,155
228,135
84,114
95,103
110,100
126,101
141,107
156,105
171,100
187,99
202,104
211,115
149,128
149,142
149,156
149,171
135,183
142,185
149,187
156,185
163,183
100,130
109,126
119,127
128,134
119,135
108,135
169,134
177,128
187,127
195,132
188,136
178,136
122,212
131,205
141,200
149,203
156,201
166,205
176,211
166,219
157,223
148,224
140,223
131,220
126,212
141,211
149,212
157,211
171,212
157,211
148,213
141,211
