73,136
74,156
78,175
81,194
87,212
96,228
110,241
128,250
150,253
172,251
191,243
205,230
215,215
221,197
225,178
228,159
229,139
88,113
97,104
111,100
124,101
136,107
169,106
182,102
195,102
208,107
217,116
154,128
154,142
154,155
154,168
138,178
146,180
154,183
162,181
170,180
103,131
111,126
122,127
130,134
121,136
110,135
175,136
183,130
193,129
201,134
194,138
184,138
123,204
134,198
145,195
153,197
161,195
171,200
180,206
171,213
160,217
151,218
143,217
133,213
127,205
144,204
152,205
161,205
176,206
161,206
152,207
144,205
