64,123
63,146
64,170
67,193
73,215
86,235
103,251
124,266
148,271
172,268
191,256
208,241
220,224
228,204
232,182
235,161
238,140
90,104
104,96
120,95
136,100
150,107
173,110
188,106
203,105
217,109
226,119
160,125
159,138
159,151
158,165
139,178
147,181
156,184
165,183
173,181
105,123
116,120
127,121
135,128
125,128
115,127
181,133
192,128
202,129
210,133
202,136
192,135
119,209
133,202
146,198
155,201
165,199
177,205
186,214
176,224
164,228
154,229
144,227
131,221
125,210
146,210
155,211
165,210
180,214
164,215
154,215
145,214
