66,141
67,164
70,186
72,208
80,228
93,245
110,260
130,272
151,275
172,271
191,259
207,244
218,226
225,205
227,182
229,160
229,138
81,135
90,123
106,119
121,121
136,127
158,125
173,120
188,117
204,120
214,130
147,142
147,157
148,172
148,188
132,195
140,197
148,200
156,197
164,195
99,144
108,140
117,140
125,146
117,147
107,147
170,145
177,138
186,138
195,142
188,145
178,146
121,222
133,218
142,214
148,216
155,214
164,218
176,221
165,230
156,234
149,235
142,234
133,230
127,223
142,221
148,222
155,221
170,222
155,223
148,224
142,223
