64,146
65,167
68,187
71,206
78,225
92,239
110,250
131,259
154,261
177,259
196,249
214,237
226,222
232,202
234,182
234,162
235,142
84,125
92,115
106,112
119,114
132,120
166,119
180,114
193,111
206,114
215,124
150,138
150,148
151,159
151,170
137,185
145,186
152,187
159,186
166,185
100,142
109,137
119,137
128,142
119,143
109,144
173,142
182,137
192,137
200,142
192,144
182,144
122,214
134,206
146,202
153,204
161,201
173,206
185,212
173,220
162,223
153,224
145,224
134,221
127,214
145,212
153,212
162,212
180,213
161,211
153,212
145,212
