76,127
76,147
76,167
78,188
85,207
98,223
113,239
130,252
150,257
170,254
185,240
197,224
208,208
216,190
220,171
223,151
223,132
91,116
102,109
113,109
126,111
137,118
168,118
179,111
192,108
205,109
214,119
153,132
153,145
153,159
153,172
135,179
144,181
153,184
161,181
169,179
104,131
112,127
122,127
130,133
121,135
111,134
173,134
182,128
192,127
200,132
193,136
183,136
115,196
129,195
142,194
152,197
162,195
174,197
185,200
174,217
161,223
151,224
140,222
127,213
120,198
142,199
152,201
161,200
181,201
161,211
152,212
141,209
