68,138
70,158
71,177
74,196
81,214
94,227
112,237
133,244
156,246
178,243
196,234
213,224
224,210
229,192
231,172
232,153
231,134
86,106
95,95
109,89
124,90
138,96
164,94
178,89
193,87
207,92
216,104
153,116
153,126
153,137
154,148
138,165
146,166
154,168
162,166
170,164
104,124
112,118
122,117
131,124
122,126
112,126
174,123
182,116
192,116
200,121
192,124
182,124
126,197
137,189
147,184
155,186
162,183
172,187
184,194
173,201
164,203
156,204
148,204
137,203
131,197
147,193
155,194
163,193
179,194
163,193
156,195
148,194
