62,125
65,147
68,169
71,190
78,211
91,227
107,242
127,251
149,255
171,252
192,243
209,230
221,213
228,192
231,170
235,148
237,126
82,112
92,103
107,101
121,105
135,110
161,111
174,105
189,102
204,103
216,112
148,127
148,139
148,152
148,165
134,177
141,178
148,180
156,178
163,177
100,129
109,126
119,126
127,131
118,133
109,133
170,131
178,126
188,125
197,129
189,133
179,133
119,205
131,200
140,197
149,199
157,197
168,200
180,206
168,213
158,216
149,216
140,215
130,212
124,205
140,205
149,206
158,206
175,207
157,205
149,206
140,205
