68,124
68,147
71,170
73,193
78,215
89,234
104,251
123,265
147,270
170,268
190,256
207,240
220,223
228,201
233,179
239,157
241,134
84,107
95,96
112,93
129,96
144,104
172,104
188,98
204,96
221,100
231,113
158,123
157,137
156,151
155,166
137,178
145,180
153,183
162,182
171,181
102,123
112,118
123,119
132,128
122,128
111,128
182,129
192,122
203,121
212,128
204,131
193,131
118,209
131,205
144,202
152,206
160,204
173,209
184,215
171,228
159,232
150,232
141,230
129,224
123,212
143,214
151,215
160,216
179,217
159,217
150,217
142,215
