84,145
86,162
87,179
89,196
95,212
106,226
119,237
135,246
152,249
170,246
184,236
197,224
207,210
212,193
214,176
216,159
218,142
99,132
107,124
120,122
132,124
143,129
161,129
172,124
184,122
197,124
206,132
153,142
153,153
154,165
154,176
140,187
147,188
154,189
160,188
166,186
111,144
118,141
126,140
133,146
125,148
117,147
172,145
178,140
187,139
194,143
188,146
179,147
129,212
138,207
147,204
154,206
160,204
169,206
177,210
169,217
161,220
154,221
147,221
138,218
133,212
147,211
154,212
161,211
173,211
161,211
154,212
147,212
