75,129
77,150
82,170
87,190
94,209
104,226
119,241
136,253
155,258
173,254
190,243
203,228
214,211
221,192
225,172
230,151
232,130
87,119
99,111
114,111
128,114
142,120
170,119
184,113
198,109
212,111
223,119
156,135
156,152
157,168
157,185
142,192
149,195
156,198
164,195
171,192
105,135
114,129
125,130
133,138
123,140
112,139
178,138
186,130
197,129
206,134
198,139
188,139
127,213
138,210
148,209
156,212
163,209
173,212
184,215
173,224
164,228
155,229
147,228
137,222
132,214
148,216
156,217
164,216
179,216
163,218
156,219
147,217
