71,135
72,155
75,175
78,196
84,216
97,233
113,246
134,257
156,259
177,256
195,244
210,231
221,216
226,198
228,178
230,159
231,141
90,117
101,110
115,110
128,113
141,118
163,119
177,115
190,113
203,114
214,123
152,137
153,149
153,161
153,173
137,185
144,187
152,188
159,187
167,185
105,137
113,133
123,134
130,140
122,142
112,142
173,142
180,136
190,136
199,141
191,144
181,145
126,214
136,206
146,201
152,203
159,201
169,206
178,214
170,221
160,224
153,224
146,224
136,220
131,213
146,211
152,211
159,211
174,214
160,212
153,213
146,212
