58,119
58,146
61,174
65,200
73,225
86,247
105,266
125,281
149,286
172,283
191,269
207,252
219,232
229,211
236,189
241,166
243,143
77,101
93,92
114,93
133,98
153,104
171,107
188,100
207,96
224,98
235,110
158,125
158,143
159,162
158,180
138,192
147,195
156,198
165,196
173,193
97,123
107,117
121,118
130,128
118,131
105,130
182,131
194,122
207,121
217,129
208,134
195,134
121,222
132,219
144,218
153,220
161,218
174,222
184,227
173,234
161,237
152,238
143,237
131,231
127,223
144,226
153,227
161,227
179,226
161,224
153,226
144,225
