60,138
63,162
67,186
72,209
81,231
96,249
111,267
129,283
151,287
173,281
191,263
206,244
219,224
227,202
229,178
232,154
233,131
74,133
86,126
101,128
115,133
130,140
157,139
171,131
185,126
201,123
216,129
144,154
145,169
146,184
147,200
130,205
138,208
147,211
156,207
165,204
92,154
101,150
113,150
123,157
112,160
100,160
166,156
176,149
188,147
198,151
189,157
177,158
114,225
125,222
138,221
148,223
158,221
171,221
184,222
172,240
160,249
149,251
137,250
125,241
118,226
138,226
149,228
159,226
180,224
159,238
148,240
137,238
