71,126
73,148
76,169
80,189
87,208
99,224
114,238
131,248
152,251
172,248
190,238
205,224
217,207
223,187
227,167
229,146
230,125
88,112
99,104
113,103
127,107
140,113
166,114
177,108
190,104
203,105
214,112
153,128
153,139
154,151
154,164
139,175
146,177
153,179
160,178
167,176
106,128
114,124
124,124
131,131
123,134
113,133
172,131
179,125
189,124
196,129
189,133
180,133
127,204
137,200
146,197
152,200
158,198
167,201
175,206
167,216
158,219
152,219
145,219
136,215
132,205
146,203
152,204
158,203
171,206
158,210
152,210
145,209
