61,132
62,155
64,178
67,201
74,223
86,241
102,256
122,268
144,272
167,270
188,260
206,247
220,231
228,209
232,185
235,161
237,137
80,109
90,98
105,96
120,99
134,106
163,106
177,99
193,97
209,101
219,112
148,126
147,141
146,155
146,171
129,185
138,187
147,189
156,188
165,186
98,127
106,122
117,122
125,130
116,131
105,131
172,131
181,124
192,123
201,129
192,132
182,132
116,218
127,209
138,204
146,207
154,205
166,211
177,219
166,226
155,230
146,231
138,229
127,225
121,217
138,216
146,217
154,216
172,219
154,217
146,218
138,216
