72,132
74,153
77,173
79,193
87,211
98,227
113,241
130,253
151,256
172,252
191,241
207,226
218,209
225,190
227,170
228,149
229,129
90,108
99,99
112,96
126,97
140,101
156,101
169,96
183,95
197,98
207,106
148,123
149,138
149,152
149,168
136,179
143,181
150,183
157,181
164,179
105,127
113,123
123,123
130,129
122,131
113,131
168,128
175,122
185,121
193,125
186,129
176,129
126,207
135,201
143,197
150,199
157,197
166,202
177,208
166,213
157,215
150,215
142,215
134,213
130,207
143,205
150,206
157,205
172,208
156,205
150,205
143,205
