82,148
83,167
86,186
89,204
95,221
106,235
121,247
136,255
154,258
173,256
188,246
202,234
212,220
218,203
221,184
224,166
225,148
97,124
105,116
117,113
130,113
141,117
169,116
181,111
194,111
205,115
213,123
156,136
156,150
156,163
156,177
141,187
148,189
156,190
163,189
171,187
113,140
120,136
129,136
136,142
128,143
120,143
175,141
182,135
191,134
199,139
192,142
183,142
132,216
141,209
150,205
156,207
162,205
170,208
179,215
171,221
163,225
156,226
149,226
141,222
137,215
150,213
156,214
163,213
175,214
163,214
156,215
150,214
