69,136
70,158
72,179
76,199
83,219
94,236
109,251
128,262
150,266
173,262
192,252
209,238
220,221
228,201
233,180
236,159
237,136
82,114
91,103
106,101
121,104
135,111
161,111
177,103
193,98
210,100
221,112
150,125
150,137
150,150
150,163
134,178
142,180
150,181
159,180
167,179
100,129
108,123
119,123
128,130
119,131
108,132
175,129
183,122
194,122
203,127
195,131
184,131
120,210
129,203
140,198
148,201
157,199
168,204
179,210
168,219
157,223
148,224
139,223
129,219
125,210
140,208
148,209
157,209
174,210
157,209
148,210
139,208
