67,126
70,150
74,173
79,195
87,216
100,234
115,251
132,265
153,269
173,265
190,251
204,233
217,214
225,192
230,169
234,146
235,122
80,122
92,114
108,115
122,119
137,125
168,125
182,118
196,113
211,112
223,120
152,141
152,159
152,177
152,194
135,197
144,201
153,204
162,201
170,197
101,138
110,133
121,134
130,143
119,145
108,144
176,141
184,132
195,130
204,136
197,142
186,143
124,215
133,214
144,213
154,216
163,213
173,214
183,215
174,229
164,237
154,238
143,237
133,229
128,218
143,220
154,222
163,220
179,218
163,223
154,226
143,223
