68,135
70,159
73,182
78,204
85,224
96,242
109,258
126,269
149,273
170,268
188,257
203,242
214,225
220,204
224,182
227,160
228,137
83,121
96,113
112,114
126,117
140,124
161,124
175,117
190,113
205,113
216,122
150,140
149,154
149,167
148,182
131,193
140,195
149,197
157,195
166,194
100,141
109,138
119,138
127,145
118,146
108,145
173,145
180,139
191,138
199,142
192,145
181,146
120,224
130,218
141,214
149,217
157,214
168,218
179,224
169,234
158,239
149,240
140,239
130,234
125,224
141,224
149,225
157,224
174,224
157,224
149,225
141,224
