71,151
73,174
77,195
83,216
91,234
103,251
119,265
137,276
160,278
182,274
199,262
214,247
225,230
232,210
235,189
239,167
240,145
86,135
96,122
113,117
130,119
145,126
167,124
182,116
199,113
215,118
225,131
156,143
156,155
156,168
157,182
141,197
150,198
158,199
166,197
175,195
105,150
113,144
124,144
133,150
124,152
114,153
179,147
188,141
198,140
207,145
199,148
189,149
130,228
141,221
152,216
160,218
167,215
179,219
190,224
180,236
169,242
161,243
152,242
141,239
135,228
152,227
160,228
168,226
185,225
168,228
160,229
152,228
