82,140
85,158
88,176
91,194
96,212
107,227
120,241
136,253
155,256
173,252
188,240
201,225
211,208
216,190
219,171
221,152
222,134
92,131
102,124
114,124
127,126
139,130
162,129
174,124
186,121
199,120
211,125
152,146
152,160
152,174
152,188
141,195
147,197
153,198
160,196
166,194
108,146
116,142
125,143
132,150
123,151
114,151
173,149
179,142
188,140
197,143
190,148
181,150
131,217
140,214
147,212
155,214
162,211
169,214
178,216
170,224
162,228
154,229
146,228
139,224
135,218
147,218
155,219
162,218
174,217
161,218
154,219
147,218
