57,112
59,137
64,162
71,187
80,210
95,231
112,249
131,263
152,267
173,263
190,249
206,232
219,213
229,193
234,169
237,145
239,122
77,110
90,102
106,103
121,108
136,114
169,115
183,108
197,104
212,104
225,111
151,134
151,153
152,172
152,190
133,197
142,200
152,202
161,199
170,197
93,129
104,125
116,126
125,135
114,138
102,137
176,136
185,128
197,127
207,132
199,139
187,140
122,222
134,219
144,217
152,220
162,217
173,218
184,220
175,231
164,238
154,239
144,237
134,232
127,223
144,225
153,226
163,225
181,222
163,225
153,227
144,225
