63,131
63,155
65,177
68,201
73,224
87,246
105,264
128,278
154,281
180,278
202,264
218,246
230,225
235,202
239,178
242,155
241,132
82,117
95,109
110,109
127,113
142,119
165,120
180,114
196,109
213,110
225,119
154,136
154,151
155,165
156,180
134,193
144,196
154,199
164,196
173,194
97,136
107,132
118,133
127,140
116,141
106,140
179,141
188,134
199,133
210,137
201,141
190,141
117,223
130,216
143,212
152,215
162,213
176,218
189,226
175,234
162,237
152,237
142,235
129,230
123,223
143,222
152,224
162,224
183,226
162,223
152,224
142,222
