67,136
67,157
69,178
74,199
81,220
91,239
105,255
123,268
145,272
167,267
186,256
202,240
215,222
223,201
228,180
232,158
233,136
84,116
95,107
109,107
123,109
135,116
165,116
178,110
191,107
205,107
216,115
151,132
150,149
150,165
150,181
132,189
141,192
149,195
159,193
168,189
101,132
110,127
121,128
129,135
119,136
109,136
173,135
181,128
192,127
200,132
193,135
183,136
118,213
131,211
141,209
149,212
157,210
167,213
179,216
167,226
156,230
148,230
139,229
129,224
123,215
141,217
149,219
157,219
175,218
156,218
148,218
140,216
