59,144
61,167
65,189
68,211
76,232
88,249
104,263
121,274
142,277
165,274
186,263
205,250
220,233
229,211
233,188
236,165
237,141
72,124
82,113
98,109
114,111
129,116
150,113
166,106
182,103
199,105
212,117
138,132
137,147
136,161
135,176
122,191
130,192
137,193
146,192
155,190
90,136
99,131
109,130
118,138
109,139
98,139
163,135
172,128
183,127
192,132
184,136
173,136
111,224
119,217
129,213
137,215
145,212
156,217
168,223
156,232
146,237
137,238
128,237
120,233
116,224
129,219
137,220
145,219
163,223
145,225
137,226
129,225
