68,137
69,158
72,178
75,199
81,219
93,236
109,251
128,262
151,266
173,263
191,252
206,237
218,220
225,200
228,180
231,159
232,139
85,114
95,102
110,98
126,101
140,108
165,107
179,100
195,98
210,103
219,116
154,128
154,143
154,159
154,174
135,183
144,187
153,190
162,187
171,184
102,131
111,126
121,127
129,133
120,134
110,133
175,134
184,128
194,128
202,132
194,135
185,135
120,210
132,205
144,203
152,206
161,204
171,207
181,212
171,224
160,230
151,231
142,230
130,223
125,211
143,212
152,213
161,212
176,212
160,216
151,217
143,216
