66,135
67,156
69,178
73,199
79,219
90,237
105,253
124,266
146,271
168,267
187,256
203,241
216,224
223,204
226,182
227,161
229,140
83,114
96,105
112,105
126,109
140,116
162,117
176,111
189,108
204,109
214,117
150,132
150,146
150,161
150,175
135,187
142,189
149,191
157,190
164,188
101,134
110,129
121,130
128,137
119,138
109,138
171,138
179,132
189,132
197,137
190,140
180,140
117,212
129,208
140,206
149,210
158,207
169,210
179,215
168,224
157,229
148,230
139,228
128,223
122,214
140,216
149,217
158,216
175,216
157,217
148,218
139,216
