69,138
70,159
73,179
77,199
85,218
97,233
113,245
131,256
151,259
172,256
190,245
206,231
218,215
225,196
228,175
231,155
232,134
84,116
94,106
108,102
123,103
137,107
162,107
176,101
191,99
205,102
215,112
150,126
150,140
150,153
150,166
134,179
142,181
151,182
159,181
167,179
102,131
110,127
119,126
128,131
119,132
110,133
171,130
179,125
189,125
197,129
189,131
179,131
121,208
131,201
142,196
151,198
158,196
168,199
179,206
169,217
159,222
151,223
142,223
131,218
126,208
142,204
151,204
158,204
174,207
158,212
151,212
142,212
