64,115
67,139
73,161
78,184
86,204
99,222
115,238
134,251
157,254
180,249
199,235
214,218
227,199
232,176
235,152
238,129
239,104
74,102
84,88
101,83
119,83
135,87
160,84
177,77
195,76
213,80
225,92
148,107
149,126
150,144
150,163
134,173
142,175
151,178
160,174
168,172
95,113
104,107
116,106
124,114
115,116
103,117
175,110
184,101
195,99
205,105
197,109
186,111
122,200
132,197
142,193
151,196
161,193
172,195
185,197
174,206
163,212
153,214
143,213
133,209
127,202
143,202
152,203
161,201
180,199
162,200
152,202
143,201
