63,143
67,164
72,186
78,206
87,225
99,242
114,258
130,270
149,273
169,268
187,255
204,239
218,221
225,200
229,177
231,154
233,132
73,130
82,120
97,117
112,120
126,125
151,121
167,114
183,110
199,112
212,122
140,141
140,156
141,171
141,186
127,197
135,199
143,201
151,198
159,196
91,144
101,138
112,138
121,146
111,147
100,148
163,144
171,136
183,135
192,139
184,144
173,145
118,224
128,219
138,215
145,217
153,214
164,217
177,220
166,231
155,237
146,238
138,238
128,234
123,225
138,224
146,224
154,223
172,221
154,224
146,225
138,225
