69,143
71,165
74,187
78,209
85,229
96,246
111,259
131,266
155,268
179,265
199,255
214,241
225,224
230,204
233,184
235,163
237,143
87,110
96,99
110,96
125,98
139,104
161,105
174,100
189,98
202,101
212,110
150,124
150,136
150,149
150,163
136,181
143,182
150,184
158,182
166,181
100,131
108,126
118,126
127,131
118,133
108,133
174,132
183,126
193,127
201,131
193,134
183,134
124,213
134,203
144,197
151,199
158,197
168,203
179,212
169,217
159,219
151,220
144,220
134,219
129,212
144,208
151,208
159,208
174,211
158,208
151,209
144,209
