66,127
68,148
70,168
73,190
80,209
92,227
108,242
126,254
149,258
172,254
191,242
208,226
220,208
227,188
230,167
231,146
231,125
82,110
93,101
109,102
123,106
137,112
157,111
172,105
186,101
201,102
212,110
148,128
148,142
148,156
148,171
132,181
140,184
149,187
157,184
165,182
98,128
107,124
118,125
127,132
117,134
106,133
169,132
178,125
188,124
197,129
189,134
179,134
119,209
129,202
140,199
149,202
158,200
169,204
179,210
169,220
158,225
148,225
139,224
129,219
125,209
140,209
149,211
158,210
173,210
158,212
148,212
140,211
