75,133
77,154
81,176
85,197
92,216
105,232
121,244
138,254
157,257
177,254
194,242
208,229
219,212
225,193
228,174
231,153
233,133
95,120
106,114
121,114
134,117
147,122
169,123
182,118
195,115
209,115
220,122
158,139
158,151
159,163
159,176
144,187
151,188
158,190
165,188
172,187
110,140
119,137
128,137
135,143
127,145
118,144
179,143
187,137
196,137
204,140
197,144
188,144
130,214
141,208
150,204
158,206
165,203
174,208
183,214
174,220
165,223
158,224
150,224
141,221
134,214
150,212
157,213
165,212
179,214
165,212
158,213
150,212
