70,140
71,162
73,184
75,205
83,224
97,240
114,252
134,261
155,264
176,260
195,249
211,237
222,221
228,201
230,179
231,158
232,136
91,122
100,112
113,108
128,109
141,114
166,113
179,108
193,105
207,109
217,119
154,137
154,150
155,164
155,177
142,190
149,191
155,193
162,191
168,190
108,141
116,137
125,137
132,143
124,145
115,145
175,142
182,136
191,135
198,138
192,143
183,143
128,218
139,213
149,209
156,211
162,209
171,213
181,218
171,226
162,228
155,229
148,228
138,225
133,218
149,217
156,218
162,217
176,218
162,217
155,218
148,217
