76,129
76,153
77,176
80,199
89,220
103,237
120,253
139,267
159,270
177,267
191,253
203,237
214,219
220,198
225,178
229,157
230,137
106,119
119,113
133,114
146,117
160,123
185,124
195,118
206,115
217,114
225,122
171,139
172,156
172,172
173,189
153,194
162,198
170,201
178,199
184,195
121,136
130,133
140,133
147,140
138,141
129,140
187,141
195,134
204,133
211,138
205,142
196,142
134,218
148,216
159,215
167,217
174,216
182,218
189,220
181,227
174,230
166,231
158,229
147,225
139,219
158,221
167,222
174,222
186,221
174,221
167,221
159,220
