74,131
74,149
76,168
79,187
85,204
97,218
111,230
128,239
147,242
166,239
181,229
194,217
204,203
210,186
213,168
216,150
217,132
89,119
99,111
113,110
126,112
138,118
161,119
172,114
185,112
198,114
206,123
150,134
150,146
150,158
150,171
133,179
141,181
150,183
157,181
164,179
105,133
113,129
122,130
129,137
121,138
112,137
167,138
175,131
184,130
192,135
185,139
176,139
122,203
132,197
142,194
149,197
156,195
165,198
174,203
165,210
157,214
149,214
142,214
132,210
127,203
142,202
149,203
156,203
169,204
156,203
149,204
142,203
