65,134
65,157
67,178
70,200
78,219
91,235
108,249
127,258
147,261
168,259
187,250
204,237
216,222
224,204
229,183
232,163
234,142
86,114
96,103
111,98
126,102
139,110
168,113
181,106
196,104
210,110
218,123
153,131
153,145
153,159
153,173
137,184
144,186
152,188
159,187
167,185
102,133
110,129
120,130
128,136
119,137
109,137
176,139
185,134
194,134
202,139
194,142
185,141
119,211
132,207
143,204
151,206
158,205
168,210
178,216
167,223
156,225
149,225
141,225
131,221
125,212
143,212
150,214
157,213
174,216
157,214
149,214
142,213
