77,133
78,153
81,174
84,194
92,213
104,229
121,241
140,249
160,252
180,250
196,240
210,227
221,211
226,192
229,173
232,154
234,136
97,117
109,110
124,109
137,113
150,120
176,121
189,116
202,113
216,115
224,124
164,134
164,147
164,159
165,173
147,183
155,184
164,186
171,184
179,183
112,134
121,131
131,132
139,137
130,139
120,138
184,139
192,134
201,134
209,138
201,141
192,141
131,209
144,205
155,201
163,203
171,201
180,204
190,208
181,216
172,219
164,220
155,220
144,217
136,210
155,209
163,210
171,209
186,209
172,209
164,210
156,209
