73,138
75,157
76,177
78,196
84,214
95,228
112,240
130,251
151,254
172,251
191,241
206,229
218,214
223,196
226,177
228,157
229,138
91,118
100,109
114,107
128,110
142,115
162,117
175,112
189,109
203,111
212,120
151,133
151,148
151,163
151,178
136,184
143,187
151,190
159,187
167,185
106,134
114,130
124,130
132,137
123,138
114,137
172,137
180,132
190,131
198,135
190,139
180,139
123,209
134,206
144,203
152,206
160,203
170,206
181,211
170,217
160,220
152,220
143,219
133,216
128,210
144,210
152,212
160,210
176,211
159,210
152,210
144,209
