75,136
76,157
79,179
81,200
87,220
98,238
112,253
129,265
148,268
168,265
186,254
201,239
213,222
219,202
223,181
226,160
227,139
89,124
99,117
113,117
126,121
138,127
160,126
173,122
186,119
200,119
212,126
149,141
148,155
148,169
148,184
135,194
141,196
148,198
155,196
162,195
104,139
112,135
122,137
129,145
121,145
111,145
170,145
177,137
187,136
195,141
188,145
179,146
125,222
133,216
142,211
148,214
155,211
165,216
173,222
165,232
156,238
148,239
141,238
132,233
130,223
142,222
148,223
156,222
168,222
156,223
148,224
142,223
