74,143
75,162
79,182
83,201
90,220
101,236
115,251
131,262
151,264
170,261
186,249
200,234
211,218
217,199
221,179
223,160
223,140
87,132
97,123
111,121
125,124
138,130
158,130
171,124
185,120
199,121
210,129
148,145
149,158
149,171
149,185
134,195
142,197
149,198
157,196
164,194
102,145
111,141
121,141
129,148
120,150
110,149
168,147
177,140
187,139
195,143
188,148
178,148
125,220
134,214
143,210
149,212
156,210
165,213
174,219
165,226
157,229
149,230
142,230
133,227
129,220
142,218
149,219
156,218
169,219
156,218
149,219
142,218
