73,127
75,149
79,170
86,191
94,211
106,229
120,246
137,258
157,262
177,257
193,244
206,226
217,207
224,187
230,166
233,144
233,123
88,112
97,100
111,96
125,99
138,105
166,103
180,97
194,94
208,98
217,109
152,125
153,142
153,158
154,175
140,187
147,188
155,189
162,188
169,187
104,127
112,122
123,122
130,130
122,131
111,131
176,129
183,121
194,120
202,125
195,129
185,130
127,212
138,208
148,205
155,207
163,205
172,208
183,211
173,221
164,227
155,228
147,227
138,222
131,213
147,213
155,214
163,213
179,212
163,214
155,215
147,214
