69,130
70,150
73,171
75,192
81,211
93,227
109,240
127,251
148,255
170,254
191,244
209,232
222,217
230,197
234,176
237,155
238,133
81,103
91,90
106,88
121,91
135,98
168,98
181,91
196,88
212,92
222,103
151,116
151,129
151,142
151,155
134,171
142,172
150,173
158,172
167,171
98,122
107,117
117,117
125,124
117,125
107,124
178,123
187,118
197,117
206,122
197,124
187,124
120,202
131,192
142,188
150,191
160,188
171,193
182,201
171,208
160,211
150,212
141,211
131,208
125,201
141,199
150,200
160,199
178,201
160,198
150,199
141,198
