79,135
81,153
85,170
90,187
98,203
109,217
122,230
137,240
155,242
172,239
187,228
200,215
209,200
215,183
218,164
220,146
220,128
89,120
97,110
109,106
123,105
135,109
160,107
172,102
185,100
198,103
207,113
149,127
150,140
150,153
151,166
139,177
146,178
152,179
159,177
166,176
104,132
111,128
120,128
128,133
120,135
111,135
171,131
177,126
186,125
194,128
187,132
179,133
132,201
139,196
147,193
153,194
160,192
168,195
177,199
169,207
161,212
154,213
147,213
139,209
136,201
147,201
154,202
160,200
174,199
160,201
154,203
147,202
