65,120
67,141
69,163
73,185
82,205
96,221
114,235
135,245
156,248
177,243
196,231
212,216
223,198
230,177
232,156
232,135
233,114
88,103
98,96
111,93
124,94
138,98
165,96
178,92
191,90
204,92
214,99
153,119
153,132
154,145
155,159
140,173
148,175
155,176
162,174
169,171
104,121
113,116
123,117
131,124
122,125
112,125
173,122
181,115
191,114
200,118
193,122
183,123
130,202
140,194
150,190
157,191
164,188
173,192
182,199
174,208
165,213
157,215
149,214
139,210
135,202
150,199
157,199
165,198
177,200
165,201
157,202
150,202
