74,148
75,168
78,189
83,209
90,228
102,245
119,258
137,268
158,270
177,267
193,256
207,241
218,224
223,205
226,185
228,165
229,145
92,135
104,127
119,124
133,128
147,133
164,133
177,128
192,126
205,128
215,137
156,147
156,159
156,172
157,185
142,197
149,198
157,200
164,199
170,197
108,149
116,146
126,146
135,151
125,153
116,153
174,152
182,146
192,147
200,150
193,154
183,154
129,222
140,216
150,213
157,215
164,213
173,216
182,222
173,229
164,233
157,234
149,233
139,229
133,223
150,222
157,223
164,222
178,222
164,222
157,223
149,222
