78,131
79,153
82,174
86,194
92,213
102,231
115,246
131,258
151,261
171,258
188,246
201,231
211,214
217,196
221,176
224,157
225,137
93,117
104,110
118,109
132,113
144,119
165,120
178,114
191,112
205,114
214,123
154,133
154,146
154,160
154,174
139,184
146,185
153,187
161,186
168,185
110,132
118,130
127,130
133,136
125,137
117,136
175,138
181,133
190,133
197,137
190,140
182,140
126,211
136,206
146,202
153,204
160,203
169,207
178,212
169,222
160,226
152,227
145,226
135,222
130,212
146,212
153,213
160,212
174,213
160,213
153,214
146,213
