78,132
80,151
82,170
84,187
90,205
101,219
115,231
131,240
151,243
171,241
189,233
203,221
214,206
221,189
224,171
226,153
227,133
94,122
104,114
118,111
132,114
144,119
163,120
175,114
189,111
202,114
212,123
153,135
153,145
153,156
152,166
139,178
146,179
152,179
159,179
165,178
111,138
119,135
128,135
135,140
127,141
118,141
172,140
179,136
188,135
195,138
188,141
180,141
129,202
138,195
146,192
152,193
158,192
167,195
175,203
166,208
158,211
151,211
145,211
137,208
133,201
146,200
152,200
158,200
171,202
158,201
152,201
145,200
