74,133
74,154
77,173
79,192
86,210
96,225
110,237
125,248
144,251
162,248
178,239
194,228
206,215
214,197
218,178
221,158
222,138
90,115
101,107
115,105
128,108
140,115
164,115
176,110
188,107
201,109
210,118
151,131
150,145
150,159
149,173
133,181
141,183
149,185
156,184
164,182
105,131
114,126
123,127
131,135
122,136
112,136
169,137
177,129
187,128
194,134
187,137
178,138
118,204
129,199
141,196
148,198
155,197
166,200
176,205
165,215
155,219
146,220
138,219
128,215
123,204
140,204
147,205
155,204
171,205
155,208
147,208
139,208
