64,128
63,150
63,174
64,197
72,219
85,238
103,255
122,270
143,276
164,273
182,260
198,245
213,228
222,209
228,188
233,168
235,148
91,110
106,102
122,103
138,109
152,117
180,120
194,117
208,115
221,119
228,130
165,138
164,151
164,163
163,176
144,188
152,190
160,193
167,192
174,192
109,132
119,128
130,130
138,138
128,139
117,137
182,144
191,138
202,139
210,145
201,148
191,147
122,216
135,210
149,207
157,210
165,208
175,214
184,221
173,229
163,233
154,233
145,231
133,226
127,217
148,218
156,219
164,220
179,222
164,220
156,221
147,219
