73,141
75,159
78,177
81,196
88,213
99,228
114,241
131,253
150,254
170,251
187,240
202,227
214,212
220,195
222,176
224,158
225,139
86,123
94,113
108,110
121,112
134,118
159,117
172,112
186,110
199,112
209,121
146,135
146,149
146,162
146,175
133,186
140,188
146,189
153,187
160,186
101,138
109,134
118,133
126,139
118,141
108,141
169,139
177,133
186,133
194,137
187,140
177,140
120,209
129,203
139,200
147,202
155,200
166,203
175,208
166,217
156,222
148,223
139,222
130,218
125,210
139,210
147,210
155,209
171,209
155,210
147,210
139,210
