69,136
69,160
71,183
76,205
84,226
96,245
109,261
125,275
145,281
165,276
181,263
195,246
207,228
217,208
222,186
225,162
227,139
86,122
94,112
108,113
121,118
133,125
165,124
177,118
190,114
204,116
212,127
148,142
148,159
148,175
148,192
128,193
137,197
147,202
157,198
167,195
100,143
109,141
117,142
124,145
116,145
108,144
172,146
179,144
188,143
196,145
188,146
180,147
114,210
126,207
138,208
148,209
158,208
170,209
181,212
170,231
158,241
147,243
136,240
124,230
117,212
137,213
147,215
157,214
177,214
157,227
147,229
137,227
