66,139
68,159
71,180
73,200
79,218
90,233
107,243
127,250
150,252
172,250
192,242
210,231
223,216
229,197
231,176
233,157
234,135
78,118
87,108
101,105
116,108
129,114
165,115
179,108
193,105
208,107
219,116
147,133
146,145
146,157
146,169
131,180
139,182
147,183
155,181
163,179
97,137
107,133
117,134
126,138
116,140
106,140
170,138
181,134
191,134
199,137
191,140
181,140
116,204
128,198
140,194
147,196
156,194
167,197
180,201
168,208
157,211
148,212
139,212
128,210
121,204
140,203
148,204
156,203
174,202
156,202
148,203
140,203
