81,132
82,151
83,169
84,189
87,207
98,222
114,233
132,242
152,245
173,244
189,234
205,224
215,210
220,192
222,174
225,155
226,137
95,109
103,98
117,95
130,98
142,104
168,104
181,99
194,98
207,103
214,115
155,122
155,137
155,152
155,167
139,174
147,176
155,179
162,177
169,175
110,125
117,122
126,122
133,128
125,129
116,128
175,129
183,124
191,124
199,128
192,131
183,131
123,196
133,191
144,189
153,191
161,189
171,192
180,199
171,209
160,215
151,216
142,215
131,208
127,197
144,195
152,196
161,196
176,199
161,205
152,205
143,204
