72,129
74,153
79,177
82,201
89,223
101,243
116,259
134,272
156,276
178,272
195,258
210,242
222,222
228,200
230,176
234,152
235,127
84,123
98,115
114,117
128,123
144,128
165,126
180,120
194,115
210,112
223,118
155,139
155,153
155,167
154,182
139,194
147,196
155,196
163,195
171,194
104,138
113,134
124,134
134,141
124,143
112,143
176,140
185,133
196,132
205,136
197,141
186,142
124,223
134,217
146,214
155,217
165,214
176,217
187,222
176,233
165,238
155,239
145,238
133,233
128,223
146,223
155,224
165,223
182,223
164,223
155,225
145,223
