68,145
69,165
72,185
77,205
83,224
94,241
108,255
126,265
146,268
167,267
186,257
203,246
216,231
224,212
228,191
231,170
233,149
84,126
95,117
109,116
122,119
136,124
163,124
176,120
190,118
204,119
216,127
148,143
148,157
148,170
148,185
132,197
140,198
148,200
156,198
164,197
98,146
107,141
117,142
125,148
116,151
106,150
172,149
181,143
191,143
199,147
191,151
181,151
119,223
131,220
141,218
148,220
155,218
166,221
178,224
166,231
155,233
148,233
140,233
131,230
124,224
140,224
147,225
155,224
174,225
155,224
148,224
141,223
