63,148
64,170
66,192
70,214
77,235
89,254
106,269
128,281
152,285
176,282
198,273
215,259
228,242
234,222
237,200
240,178
242,156
85,127
96,116
112,112
127,114
140,122
173,124
186,117
201,116
215,120
225,131
156,142
156,159
155,175
155,192
137,200
145,203
154,206
163,204
171,201
102,144
111,138
122,139
131,147
121,148
110,148
180,148
189,141
199,141
207,147
200,150
189,150
121,227
133,222
144,219
153,222
162,220
172,223
182,229
172,237
162,241
152,242
142,241
131,236
125,228
143,229
152,230
162,230
178,230
162,230
152,231
143,229
