82,143
84,160
87,177
89,194
96,210
106,223
120,234
135,243
153,245
170,242
186,232
199,222
209,208
215,192
216,175
218,158
219,140
92,128
102,120
115,119
128,121
141,126
157,125
170,120
183,117
196,118
206,125
149,139
149,151
149,162
149,173
137,183
143,185
150,186
156,184
163,183
107,141
114,137
123,137
130,143
123,144
114,144
169,142
176,136
184,136
192,140
185,143
177,143
130,208
137,202
145,199
150,201
156,199
165,202
174,208
166,214
157,218
151,218
144,218
137,214
133,208
145,207
150,207
157,206
170,208
157,207
150,208
145,207
