60,139
62,163
65,187
70,209
76,230
86,248
102,262
122,270
145,274
167,272
188,264
205,253
217,236
224,217
230,195
236,172
241,148
80,108
91,96
106,93
122,96
135,104
162,105
178,99
194,98
210,103
219,116
149,124
147,138
146,151
145,166
129,183
137,185
145,187
154,187
163,186
96,129
105,123
116,124
125,131
115,133
104,132
172,134
181,127
192,128
201,135
192,138
181,137
118,219
129,213
138,210
145,212
152,211
162,216
174,223
162,227
152,228
144,228
137,227
128,225
123,219
138,218
145,219
152,219
169,222
152,218
145,218
138,217
