65,145
64,167
63,190
64,212
72,231
87,246
105,258
125,268
148,272
170,269
191,261
211,250
227,236
237,218
241,197
241,176
242,153
87,118
99,109
114,105
130,107
145,113
166,115
181,112
196,112
210,118
219,128
154,136
153,148
152,159
151,172
135,185
143,188
150,190
158,189
166,187
105,138
114,132
125,132
133,140
124,141
113,141
173,143
182,137
193,138
201,144
192,146
182,145
120,220
130,210
142,206
150,208
158,207
170,212
178,224
169,231
158,235
148,235
139,234
129,230
126,219
141,216
149,217
158,216
172,222
158,222
149,222
140,221
