58,124
60,147
63,169
67,191
73,213
85,232
100,250
119,265
141,270
163,267
184,253
202,237
216,219
224,198
229,176
234,154
237,132
75,110
87,101
103,99
119,102
135,108
161,109
178,104
195,103
212,106
223,118
147,129
146,146
145,163
144,181
129,187
136,190
144,194
152,191
160,188
95,129
105,125
116,126
125,132
114,133
104,132
171,134
181,130
191,130
201,135
191,136
181,136
111,209
124,207
135,205
144,207
153,205
164,207
176,211
164,220
153,225
143,226
134,225
123,220
117,211
135,211
144,212
153,211
171,212
153,213
144,214
134,213
