73,133
75,155
80,174
84,194
90,212
101,227
115,240
131,250
152,253
171,250
188,239
202,227
213,211
219,192
222,171
225,151
226,129
84,119
95,108
111,105
127,108
142,114
162,114
176,108
191,105
206,107
217,117
153,128
153,140
154,153
154,166
139,178
146,180
154,182
161,180
167,178
104,132
113,127
123,127
132,134
123,136
113,136
172,133
181,126
191,126
199,130
192,134
182,135
127,206
137,203
146,200
153,202
159,201
168,203
178,206
168,213
159,216
152,216
145,215
136,213
132,206
146,207
153,208
159,207
174,206
159,207
153,208
146,207
