61,130
61,152
64,175
70,196
77,218
87,238
98,257
111,272
133,275
158,273
180,260
198,241
214,221
226,196
233,170
237,143
238,116
65,103
69,91
81,87
93,89
105,94
136,91
152,83
171,81
189,85
203,96
122,117
120,135
118,153
116,171
107,183
114,186
122,188
131,186
140,184
78,123
86,117
97,116
105,123
96,126
86,127
150,121
160,113
172,112
183,118
173,123
161,124
101,221
107,213
115,208
123,211
132,208
147,213
162,220
149,231
135,236
125,237
116,235
108,230
106,221
116,218
124,219
133,218
156,220
133,221
124,222
116,221
