77,132
79,149
82,166
84,183
88,199
98,212
112,222
128,230
145,232
163,231
179,224
194,215
204,203
208,187
210,170
213,153
215,135
91,116
99,107
111,104
123,106
135,110
158,110
170,107
182,106
193,110
201,119
146,128
146,139
146,149
146,160
135,171
140,172
146,173
151,172
157,171
107,130
114,127
122,127
128,132
121,134
114,133
164,134
170,129
178,130
184,133
178,135
170,135
127,194
134,189
141,185
146,187
151,185
158,189
165,196
158,200
151,202
146,202
140,202
133,199
131,194
141,193
146,193
151,193
161,195
151,193
146,193
141,192
