64,146
66,169
69,192
73,215
81,235
94,253
112,266
133,275
156,279
178,275
197,265
212,252
223,235
229,214
234,193
237,172
239,149
86,122
98,111
113,107
129,110
144,116
173,115
187,110
202,109
217,114
225,126
159,137
159,154
160,170
160,187
140,197
150,199
159,201
168,199
176,197
106,139
114,135
124,136
132,141
123,142
114,141
181,142
189,137
198,137
206,141
198,143
189,143
124,227
137,222
149,219
158,221
167,219
177,221
188,225
178,234
168,238
158,240
149,239
137,235
129,227
149,226
158,227
167,226
183,225
167,226
158,227
149,227
