69,135
70,157
74,179
77,202
82,224
93,245
108,261
128,273
151,276
176,274
199,263
218,247
231,228
238,204
241,179
245,153
245,128
78,103
86,91
100,85
116,85
131,89
165,90
180,82
197,80
213,83
226,95
148,109
149,124
149,138
149,153
133,172
141,174
150,175
159,173
168,170
94,120
103,114
114,113
124,119
114,122
103,123
177,117
186,109
197,109
207,114
198,118
187,119
121,213
132,201
143,194
151,196
160,192
173,199
185,210
174,219
162,222
152,224
143,223
132,221
128,212
143,207
151,207
160,206
179,210
161,208
152,208
144,208
