62,106
61,130
63,154
66,178
71,201
83,221
99,239
117,254
137,260
158,259
176,248
192,233
206,217
216,198
225,178
232,156
236,134
84,92
98,85
115,85
132,90
146,97
177,102
191,99
205,98
219,101
228,110
159,120
158,135
157,151
155,167
134,176
143,179
151,182
160,181
168,180
101,114
111,111
122,113
130,121
120,122
108,120
181,127
191,121
202,122
210,128
202,131
191,130
116,205
129,199
141,196
148,200
156,198
165,203
171,210
163,220
153,224
145,224
136,221
127,216
122,206
139,205
147,207
155,207
167,211
155,210
147,210
139,209
