63,130
65,151
69,172
73,193
79,212
91,228
106,240
124,251
147,252
169,249
189,238
206,224
219,208
226,188
229,167
232,146
235,124
75,113
84,101
100,98
115,100
129,106
153,104
168,97
183,92
200,94
212,105
140,120
140,133
140,146
140,159
126,173
134,174
141,175
150,173
158,172
93,127
101,122
111,122
119,127
111,129
101,129
166,125
175,119
185,118
194,122
185,126
176,126
116,203
126,197
135,193
142,194
149,192
160,196
172,201
161,208
150,211
142,212
135,212
126,210
120,203
135,201
142,201
150,200
168,201
150,200
142,201
135,201
