59,139
60,162
62,185
67,207
75,227
90,243
112,253
135,259
159,262
182,257
202,248
221,237
233,220
240,200
242,178
243,157
243,136
80,116
90,102
105,95
122,96
137,102
171,102
186,95
203,94
217,101
225,115
155,128
155,140
156,152
157,165
136,180
146,183
155,185
164,183
173,180
97,132
108,127
120,126
132,134
120,137
108,137
176,133
187,126
199,126
208,131
199,136
188,136
120,213
134,207
147,203
156,206
165,203
177,206
189,212
178,221
166,225
156,226
147,225
134,222
126,213
147,212
156,212
165,211
183,212
166,214
156,215
147,214
