70,121
70,143
72,167
76,188
83,209
94,229
106,247
121,262
140,268
160,267
175,256
189,242
203,225
215,205
222,182
227,159
229,135
89,115
100,109
114,110
127,113
141,118
172,119
185,115
198,113
211,114
220,122
154,140
154,158
154,174
154,191
134,198
143,200
151,202
160,201
169,199
104,139
113,137
123,138
131,144
122,146
111,145
176,146
184,141
195,141
203,144
196,148
185,148
119,218
131,218
141,217
149,221
158,218
167,220
177,222
166,233
156,238
147,238
138,236
129,229
124,220
140,225
149,227
157,226
172,223
157,226
149,227
140,225
