77,128
79,147
82,166
85,184
91,201
101,215
114,227
130,236
149,238
167,235
184,227
199,214
209,198
215,180
218,159
219,140
219,119
87,112
94,103
107,100
119,102
131,106
155,103
168,97
181,95
195,97
205,105
143,120
143,132
144,144
144,157
130,166
137,168
145,169
152,167
160,165
99,126
107,123
116,122
124,126
116,128
107,128
166,124
174,119
183,119
191,121
184,124
175,124
121,195
130,187
139,183
146,185
153,182
163,186
174,192
163,201
154,204
146,205
139,204
130,203
125,195
139,192
146,192
154,191
169,193
153,192
146,193
139,193
