77,134
78,154
80,173
81,193
87,212
100,227
116,239
133,250
153,252
173,249
190,238
206,226
218,211
225,194
228,175
230,156
230,138
91,119
101,110
115,110
128,113
141,119
168,120
180,114
194,111
207,113
217,121
153,138
153,150
153,163
152,176
136,186
144,187
152,189
160,187
168,186
106,136
115,133
124,134
132,141
123,142
113,141
175,141
183,134
193,133
201,137
194,141
184,142
125,211
135,205
145,201
152,204
160,201
170,205
180,211
171,219
161,223
152,224
144,223
134,219
129,211
144,210
152,211
160,210
176,212
161,211
153,212
144,211
