78,136
80,156
82,174
85,193
92,211
104,226
119,237
136,246
154,249
172,246
189,237
203,225
214,210
220,192
222,173
224,153
225,133
93,122
104,116
117,118
129,121
142,126
163,124
174,118
186,113
199,112
210,118
152,137
153,149
153,160
153,172
139,183
146,184
153,186
160,184
167,183
108,138
116,135
125,135
133,140
125,142
115,142
173,139
180,134
189,133
197,136
190,140
181,141
126,207
136,201
146,198
153,200
160,198
170,202
181,207
171,214
161,217
154,218
146,217
136,213
130,207
146,207
153,207
161,207
177,207
161,207
153,207
146,206
