69,144
70,163
72,182
75,201
81,219
93,235
109,247
129,255
150,258
170,255
189,246
204,234
215,219
220,200
223,181
226,162
227,142
82,122
93,112
107,109
122,111
136,115
157,113
171,108
187,107
202,112
212,121
146,133
146,145
146,158
146,171
131,185
139,186
147,187
154,186
162,185
99,136
107,132
116,133
125,139
116,140
106,140
168,138
176,132
186,131
195,135
187,138
177,139
121,214
131,207
140,202
147,205
155,201
164,206
174,212
165,219
156,223
148,224
141,223
131,221
126,214
141,212
148,212
155,211
170,212
155,211
148,213
141,212
