73,126
74,147
77,167
80,187
88,205
99,220
115,231
132,240
152,243
172,239
188,228
203,217
214,202
220,184
223,165
225,146
226,127
89,115
101,109
114,109
127,113
139,118
164,119
176,115
188,111
200,111
210,117
152,134
152,146
153,158
153,170
136,178
144,180
152,181
160,180
167,178
106,134
114,130
123,131
131,136
123,138
114,138
170,137
177,132
186,132
195,135
187,138
178,139
126,201
136,197
146,194
151,196
158,194
166,197
175,200
166,208
158,212
152,213
145,212
136,209
130,201
145,202
151,202
158,201
171,201
158,201
152,202
146,202
