81,130
82,148
83,167
86,185
91,202
101,217
115,230
131,241
149,244
168,241
184,231
198,218
209,204
215,187
217,168
219,150
221,132
95,117
105,109
118,107
131,109
142,115
161,115
174,111
187,109
200,112
208,121
153,130
153,142
152,154
152,166
138,175
145,176
151,178
158,177
164,176
111,132
118,127
127,128
135,134
126,136
117,136
169,135
176,129
185,129
192,134
185,137
177,137
124,200
135,194
144,192
151,194
158,192
167,195
175,201
167,208
158,212
150,213
143,212
133,208
128,200
144,200
151,201
158,200
171,201
158,201
150,201
143,201
