71,139
72,160
74,181
77,202
82,223
94,241
111,257
130,269
153,272
176,267
196,254
212,239
223,221
229,200
231,178
232,157
232,135
86,123
97,114
111,113
124,117
136,124
160,121
173,115
187,111
201,112
212,120
148,139
148,155
148,170
148,186
134,195
141,197
149,199
158,197
165,195
104,141
112,137
121,138
128,144
120,145
111,144
170,142
178,136
187,135
195,138
188,142
179,143
125,224
133,216
142,212
149,214
157,211
168,215
178,222
169,231
159,237
151,239
143,238
133,233
129,223
143,222
150,222
158,221
173,222
158,222
150,224
143,223
