71,144
72,163
74,182
77,201
81,220
91,236
105,248
122,257
141,259
161,255
179,245
194,232
205,216
211,197
213,178
215,158
217,137
81,118
88,108
99,105
111,107
122,112
149,112
161,106
175,104
188,107
198,116
136,132
136,146
135,159
134,173
123,185
129,187
136,188
143,187
150,185
93,135
101,130
110,130
119,137
110,139
100,138
157,136
165,129
174,129
182,133
176,137
166,138
112,214
121,209
130,206
137,208
144,205
154,207
166,211
155,219
145,222
138,223
130,223
121,221
116,214
130,213
137,213
145,212
161,211
145,213
137,214
130,213
