64,154
68,178
73,200
79,223
87,243
102,258
120,270
141,279
165,280
188,275
208,263
227,250
241,233
249,211
251,185
250,160
249,135
75,127
83,112
98,104
114,102
130,107
160,100
177,91
195,88
212,94
223,108
147,128
148,144
149,160
150,176
135,191
145,193
154,194
163,190
172,187
96,142
105,136
115,134
126,139
117,141
106,143
173,132
181,123
192,122
203,126
194,129
184,131
126,222
136,216
147,211
156,213
165,210
178,211
193,214
181,227
169,234
159,237
149,236
138,232
131,222
148,220
157,220
167,218
187,216
168,222
158,224
148,224
