82,127
84,148
89,169
93,189
97,209
106,229
117,246
132,260
150,264
168,261
183,247
194,231
205,213
211,194
217,174
222,154
224,135
94,127
104,120
118,119
131,122
144,128
167,130
179,125
192,123
205,124
215,132
155,144
155,161
155,178
154,194
139,197
146,201
153,204
161,201
168,198
109,140
117,138
127,139
134,145
125,146
116,145
175,147
182,142
191,141
199,145
192,149
183,149
129,219
138,217
147,215
154,218
161,215
168,217
175,219
168,229
160,235
153,236
145,235
136,230
133,220
146,222
153,223
160,221
171,221
160,222
153,224
146,222
