69,135
72,155
76,174
82,193
90,211
101,226
117,238
134,247
154,250
173,246
190,237
207,226
218,211
225,193
229,174
232,154
233,134
86,120
96,111
110,108
125,109
138,112
161,110
175,107
189,107
203,109
213,117
151,131
151,143
151,154
151,167
137,179
144,180
151,181
159,180
166,178
104,134
113,130
122,130
130,136
122,138
112,137
171,135
179,129
188,129
196,133
188,136
179,137
127,205
136,200
145,196
152,198
158,196
168,199
178,205
168,209
159,212
152,213
145,212
137,210
131,205
145,203
152,203
158,202
174,204
159,203
152,204
145,203
