68,145
65,166
65,186
67,206
73,225
84,242
96,258
110,275
127,282
146,281
167,273
187,260
206,244
219,225
227,202
231,179
233,155
79,134
89,128
102,131
113,138
123,146
145,149
159,144
174,140
189,142
202,148
133,162
131,178
129,194
126,210
111,209
118,214
126,219
136,217
145,214
91,155
98,152
107,155
114,162
105,161
96,159
155,167
162,162
172,162
182,167
172,168
163,169
101,225
110,225
118,227
126,230
135,229
148,231
163,233
148,246
134,250
124,250
116,247
108,239
105,227
118,230
125,233
135,233
158,234
135,241
125,241
117,238
