68,153
71,174
76,196
82,217
90,237
102,256
116,273
134,285
157,288
179,284
197,271
211,253
223,232
229,210
234,189
238,167
240,146
85,139
97,131
112,129
127,131
141,136
166,136
181,129
195,125
210,126
222,134
155,154
155,169
155,185
156,200
141,211
148,212
155,214
162,212
169,211
104,156
113,152
124,152
131,158
122,161
112,161
179,156
187,150
198,149
207,153
199,159
189,160
129,240
137,234
147,230
154,233
163,231
173,235
182,241
173,247
163,251
155,252
146,251
137,246
133,241
147,239
154,240
163,239
178,241
163,239
154,241
146,239
