71,130
72,151
73,171
76,192
82,211
94,227
109,241
126,252
147,255
167,252
185,241
201,229
215,214
223,196
225,176
227,157
228,137
87,120
96,112
109,110
122,111
135,116
159,117
172,112
185,112
198,116
207,123
146,135
145,148
145,161
144,174
132,184
138,186
145,188
152,186
158,184
104,134
112,131
121,132
127,139
120,140
110,139
166,139
173,133
182,133
190,137
183,140
174,141
120,211
128,204
138,201
146,203
154,200
164,203
173,209
165,219
155,223
146,224
138,224
128,220
124,211
138,211
146,212
154,211
169,210
154,211
146,212
138,212
