74,137
77,156
81,175
86,194
94,212
107,229
122,243
139,255
159,258
177,254
192,241
204,226
214,209
220,192
222,173
224,153
223,133
86,127
98,120
113,120
127,123
141,127
164,127
176,121
189,117
203,116
214,122
153,140
154,157
155,173
155,190
140,193
148,196
156,199
164,195
172,192
103,140
111,136
121,136
130,142
121,144
111,143
174,141
181,134
191,133
200,137
192,140
183,141
128,213
139,211
150,209
159,211
167,208
176,208
187,209
178,220
168,225
160,227
151,226
140,222
132,214
151,215
159,215
167,214
182,211
168,214
160,216
151,215
