66,136
69,160
75,183
81,206
89,228
102,246
118,261
137,272
159,274
179,270
198,259
211,243
222,224
229,202
235,180
240,156
242,133
81,114
91,100
108,96
125,97
141,104
167,103
183,96
200,94
217,99
227,113
154,123
155,140
155,157
155,175
136,188
146,190
155,192
165,190
174,187
100,131
110,126
120,125
129,131
120,133
110,133
180,130
189,124
199,124
209,130
200,132
190,132
128,222
139,214
149,208
156,211
165,208
176,213
187,221
176,229
166,232
157,233
149,232
139,228
133,222
148,218
156,219
165,218
182,221
165,219
157,220
149,219
