61,134
64,155
68,176
73,197
81,216
94,232
111,246
129,256
151,257
173,254
192,243
207,229
219,212
226,194
230,173
233,151
235,130
78,108
89,97
105,92
121,92
137,97
161,94
177,88
193,87
209,93
219,105
149,116
149,131
149,145
150,160
132,172
141,174
150,176
159,174
167,171
96,122
105,116
116,116
124,123
116,126
105,126
173,122
181,115
192,114
201,119
193,124
182,124
121,205
132,199
142,195
151,196
159,194
169,197
181,203
170,211
160,215
151,216
142,216
132,212
126,205
142,203
151,204
159,203
176,203
159,202
151,204
143,203
