74,134
75,154
78,172
82,191
87,209
97,224
112,236
129,246
148,249
167,246
184,237
199,225
209,210
213,191
216,172
219,153
220,133
87,119
97,112
110,111
123,113
135,118
157,117
169,112
182,110
195,111
205,118
146,133
146,147
146,160
146,174
131,182
139,184
146,186
154,185
161,183
102,135
110,131
119,131
126,137
118,139
109,138
166,138
174,131
183,131
191,135
184,139
175,139
121,203
130,200
139,198
146,200
154,199
163,202
174,205
164,214
154,217
146,218
138,216
129,212
125,204
139,205
146,207
154,206
170,206
153,206
146,206
139,205
