64,147
65,170
68,192
72,213
80,233
94,249
112,263
132,274
155,277
177,274
197,263
213,250
225,234
233,214
236,194
238,173
238,151
87,126
98,115
115,112
131,114
146,121
168,122
183,117
198,116
213,119
222,130
157,140
158,153
158,166
158,179
142,193
150,194
158,196
165,195
172,193
107,143
116,139
126,139
135,144
125,146
116,145
176,146
184,141
194,142
202,146
194,148
185,148
131,222
140,213
150,207
157,209
164,207
173,213
180,223
173,229
165,232
157,233
149,232
139,229
135,221
150,218
157,219
164,218
175,222
164,218
157,219
150,218
