63,139
64,160
67,180
71,200
78,219
91,234
105,248
121,259
140,263
160,261
177,249
193,236
205,220
214,202
219,182
222,161
223,140
74,116
84,105
100,101
116,103
130,109
154,108
168,101
185,99
201,104
212,117
142,130
142,146
142,162
142,178
124,190
132,192
141,194
150,192
159,191
91,135
100,131
109,131
118,136
109,138
99,138
167,136
176,130
186,130
195,134
186,137
176,138
112,219
122,212
133,208
141,211
149,209
160,213
172,219
160,231
149,235
140,236
131,235
122,229
116,219
132,218
141,219
149,218
168,220
149,223
141,224
132,222
