55,119
58,145
65,170
72,194
82,216
96,236
114,253
136,263
162,265
187,261
207,247
223,229
233,208
237,185
239,161
240,137
238,113
69,98
80,85
99,82
117,85
135,91
156,90
173,84
190,79
207,80
221,91
148,111
149,125
151,140
152,155
132,172
143,174
154,175
165,173
175,170
90,113
100,108
112,108
123,115
112,118
100,118
174,113
183,106
195,105
206,109
197,114
185,115
121,209
133,200
146,194
156,197
166,194
179,199
191,206
181,216
168,221
158,222
147,221
134,217
127,209
146,206
156,207
166,206
186,207
167,206
157,207
146,206
