68,126
69,148
72,170
75,191
82,211
92,228
105,243
122,254
143,259
164,256
182,247
197,234
209,219
216,200
220,180
225,160
227,138
87,108
97,99
112,98
126,102
138,110
162,110
175,105
189,102
203,106
212,116
149,128
148,142
147,156
146,170
131,181
138,183
145,185
153,184
160,183
102,127
111,124
120,125
127,132
119,133
109,131
170,134
178,129
187,129
195,133
188,136
178,136
119,209
128,202
138,198
145,200
152,198
161,203
170,212
161,221
152,225
144,226
136,224
127,218
123,209
137,209
145,210
152,210
165,211
152,211
145,212
137,210
