76,119
69,142
64,167
61,192
64,216
75,237
90,256
106,272
127,281
148,283
168,273
187,259
203,244
216,227
225,207
232,187
238,167
102,106
116,98
133,100
148,106
162,116
187,124
204,123
220,125
233,133
239,147
169,143
165,160
161,176
157,192
134,197
142,202
151,208
161,208
170,207
116,128
127,125
138,129
145,140
134,138
123,135
187,153
198,148
209,151
216,159
207,160
197,158
110,219
125,220
138,221
146,226
154,226
164,232
173,237
158,244
147,246
138,245
129,241
119,233
114,222
136,230
144,233
152,234
168,237
150,234
141,233
133,230
