73,144
74,164
77,184
79,205
85,223
97,240
112,254
130,265
149,269
169,265
187,253
202,239
214,223
220,204
223,183
225,163
226,144
85,127
96,117
111,115
126,117
141,122
166,121
180,116
194,113
208,115
217,125
154,141
154,156
154,170
153,185
138,196
145,198
153,199
160,198
168,197
102,143
111,137
122,138
130,147
121,149
110,148
174,146
183,137
193,136
202,141
195,146
184,147
119,220
132,218
144,217
152,219
160,217
170,220
182,221
170,231
159,235
151,236
142,234
131,230
123,221
144,224
152,226
160,225
178,223
159,224
151,225
143,223
