73,140
75,161
78,180
83,200
90,218
101,233
114,246
129,258
147,262
165,259
182,248
196,235
209,220
216,202
222,184
227,164
228,144
87,120
97,111
111,109
125,112
138,119
167,121
180,116
193,114
206,116
216,126
152,139
151,151
151,163
150,176
134,187
142,190
150,192
158,190
166,188
103,139
111,135
121,136
129,143
119,143
110,143
174,145
182,139
192,139
200,143
192,146
182,146
122,216
133,210
143,205
150,208
156,206
167,212
177,221
166,231
155,234
148,234
141,233
131,228
127,217
143,215
150,216
156,216
172,221
155,223
149,223
142,222
