68,136
70,158
74,179
79,199
87,219
100,237
115,253
133,267
155,270
176,267
194,255
209,238
220,220
227,200
230,179
232,157
233,136
86,120
96,112
109,111
122,115
135,120
167,117
180,111
193,107
206,108
216,116
150,137
150,152
150,167
149,182
136,192
143,195
150,197
157,195
164,192
102,140
111,134
122,134
130,141
121,144
110,144
171,141
180,133
191,132
200,137
193,143
181,143
125,219
135,216
144,214
151,216
158,214
168,216
180,219
170,230
160,234
152,235
144,234
135,229
130,220
144,220
151,221
158,220
175,220
159,222
151,223
145,221
