76,136
77,156
81,176
85,195
91,213
102,229
115,242
130,254
149,257
168,253
183,242
197,229
209,213
216,195
219,176
221,156
222,137
88,129
99,122
113,121
126,124
139,130
156,130
170,124
183,121
197,120
209,128
148,141
148,156
148,170
148,185
135,192
141,195
148,197
155,195
162,193
105,140
113,136
122,136
129,143
121,145
112,144
168,143
175,136
185,135
192,139
186,144
177,144
124,217
132,213
141,211
148,214
156,211
164,214
172,218
164,224
156,227
148,228
140,227
132,224
128,218
141,218
148,219
156,218
168,219
155,218
148,219
140,218
