77,134
78,154
81,173
85,193
92,212
105,228
120,241
138,251
158,252
178,249
195,238
210,225
222,208
228,189
231,170
233,149
232,130
93,115
103,107
117,105
130,109
143,114
165,113
178,107
191,103
204,104
214,112
154,130
155,145
155,159
156,173
140,181
148,183
156,185
164,183
172,181
108,132
116,129
125,130
133,134
124,135
115,135
176,134
184,129
192,128
201,130
193,134
184,134
127,205
139,198
150,195
157,196
165,194
175,197
186,202
175,209
166,213
157,215
149,214
139,211
132,204
149,203
157,204
165,203
182,202
165,203
157,204
149,204
