76,126
76,146
77,165
80,184
87,202
98,218
111,232
127,243
146,246
166,243
183,233
198,221
209,205
216,187
219,167
220,148
220,128
90,109
101,102
114,101
127,104
138,110
161,110
173,106
185,104
198,106
207,113
150,125
150,140
149,155
149,170
134,178
141,180
149,182
156,180
164,178
105,124
112,120
121,121
128,128
120,128
112,127
170,129
177,123
185,122
192,127
186,129
178,129
122,200
131,196
142,193
149,196
156,193
166,196
173,200
166,210
157,215
149,216
141,216
130,210
127,201
141,202
148,203
156,202
169,201
157,203
149,204
141,203
