68,140
69,160
71,180
74,200
81,220
92,236
109,249
129,259
151,260
172,257
190,244
204,229
214,211
219,191
221,171
222,152
222,133
84,119
93,110
107,108
121,110
134,117
157,117
169,109
183,104
197,104
208,113
145,134
146,146
146,158
146,171
133,187
140,187
147,188
153,187
160,186
96,138
104,133
115,133
123,139
114,142
104,142
169,138
176,131
186,130
195,134
187,139
177,140
121,217
131,209
141,204
149,206
155,203
165,208
175,214
166,224
156,227
149,228
141,228
131,225
126,217
141,214
149,215
156,214
171,215
156,214
149,215
141,215
