59,127
60,149
64,171
70,192
78,213
91,231
107,246
127,259
149,262
171,258
190,246
207,231
219,212
227,192
231,171
235,149
236,127
78,110
92,102
108,101
124,105
140,111
161,111
175,105
191,101
207,102
220,111
150,125
150,139
150,154
151,169
134,179
142,182
150,184
158,182
166,180
97,127
107,124
117,125
125,129
116,131
106,131
175,130
183,125
193,126
202,129
193,132
183,132
124,210
134,204
144,200
152,202
159,200
168,204
177,210
169,218
160,224
152,225
143,224
133,219
129,210
144,210
152,210
159,210
172,210
159,210
152,212
144,210
