73,140
76,159
81,177
85,195
93,211
105,223
120,232
138,239
158,240
177,237
194,228
208,217
218,202
223,186
225,168
227,151
228,132
86,118
95,106
109,101
125,101
140,105
163,104
177,98
192,97
207,102
216,113
152,122
152,135
153,148
153,161
140,173
147,174
154,175
161,173
168,171
103,128
111,123
121,122
130,128
121,130
111,130
175,127
183,121
192,120
200,125
193,127
183,128
130,200
138,194
148,190
156,192
163,189
173,190
182,195
174,203
166,207
158,208
150,208
140,206
134,199
148,197
156,197
164,196
179,195
165,197
157,199
149,198
