64,139
66,164
70,188
75,211
82,233
95,252
113,268
133,280
158,283
180,277
196,263
210,246
220,228
227,208
232,187
236,165
238,144
84,128
96,116
113,112
130,115
147,122
174,124
189,118
204,116
220,120
228,132
160,143
161,158
162,172
162,187
143,199
152,201
162,203
170,201
178,199
103,147
113,142
124,143
134,150
124,152
112,152
182,150
192,144
203,143
211,149
203,153
192,153
126,228
140,224
152,221
161,223
169,221
179,224
190,227
179,236
169,241
160,243
151,242
140,238
131,229
152,230
160,231
169,230
185,229
169,229
160,231
152,230
