64,138
64,161
66,183
70,206
77,227
91,246
109,262
131,274
155,277
179,272
199,260
215,244
227,226
232,204
235,183
238,161
240,139
84,118
95,106
110,102
126,103
141,109
172,108
186,103
201,102
214,107
223,119
156,131
156,146
157,161
157,177
139,187
147,190
156,193
164,191
172,188
104,133
113,128
123,129
131,135
122,136
112,136
179,136
188,130
198,130
206,135
198,138
189,137
122,217
136,213
147,210
155,213
164,211
174,214
186,217
174,225
164,230
155,231
146,230
135,226
127,218
147,219
155,220
164,219
181,218
164,219
155,220
146,219
