74,139
76,159
80,180
85,199
93,217
106,233
122,246
140,255
160,258
179,254
196,243
211,230
222,214
229,196
232,176
234,156
233,137
92,124
102,117
115,115
127,116
140,120
169,120
180,116
192,114
204,115
214,121
156,142
156,156
157,170
157,185
143,193
150,195
157,197
164,195
171,193
109,143
117,138
127,139
135,146
126,148
117,147
175,145
182,139
191,138
200,142
193,146
183,147
129,214
141,211
150,209
157,211
163,210
172,212
184,214
173,221
164,224
157,225
150,224
141,221
133,215
150,216
157,217
164,216
180,215
164,216
157,216
150,215
