78,149
79,169
81,188
85,207
91,225
101,241
116,254
133,264
153,267
173,264
191,254
206,241
217,225
223,207
227,188
229,169
231,149
93,130
102,119
116,115
131,116
145,121
165,120
179,115
194,115
208,120
215,131
157,137
156,150
156,163
156,176
140,187
148,189
155,191
163,190
170,188
110,141
119,137
128,137
135,141
128,142
119,143
177,142
185,138
193,138
201,143
193,144
185,144
126,216
137,211
147,208
155,211
163,209
172,212
184,216
172,223
162,226
154,226
146,226
136,222
130,216
147,215
155,216
162,215
179,216
162,216
154,217
146,216
