70,132
71,154
75,175
80,196
87,216
98,232
112,245
130,255
151,258
171,254
189,244
204,232
215,216
222,197
226,176
230,155
233,133
85,112
94,101
107,97
120,100
133,106
164,107
178,101
192,98
206,102
215,113
148,127
148,142
148,156
147,171
132,182
140,184
148,186
157,184
165,182
101,131
109,127
119,127
127,133
118,135
108,135
172,133
180,127
189,127
198,131
190,134
180,135
120,212
130,204
140,198
148,200
156,197
166,203
177,211
167,219
157,223
149,224
140,223
130,220
125,212
140,210
148,210
156,209
172,211
156,209
149,210
141,210
