70,136
73,158
77,180
80,202
87,223
100,242
115,258
134,271
155,275
177,271
194,257
209,241
221,222
226,201
229,180
233,158
234,137
83,124
94,114
110,111
126,112
141,117
170,116
184,111
199,109
214,113
223,124
156,139
156,154
157,168
157,184
140,194
148,196
156,198
164,196
172,194
103,140
113,135
124,136
132,143
122,145
111,145
178,144
186,136
197,135
206,141
198,145
188,145
123,222
135,218
147,215
156,218
164,215
175,218
187,222
176,232
165,237
155,238
146,237
134,232
128,223
147,225
156,226
165,225
182,223
165,225
156,226
147,225
