63,119
65,145
70,172
76,196
87,219
102,238
119,255
138,268
157,271
175,266
190,250
202,230
214,210
224,188
230,166
235,143
238,119
83,115
98,108
115,112
130,119
144,126
173,124
188,118
202,113
217,111
229,117
159,144
159,162
158,182
158,200
139,203
147,207
157,210
166,207
173,204
101,139
112,134
125,136
134,145
122,147
110,146
179,145
188,136
201,136
209,140
202,147
190,148
126,227
137,225
147,223
155,225
163,223
172,225
181,227
173,238
165,244
156,245
147,244
137,238
130,228
147,230
155,231
163,230
176,228
164,231
155,232
147,231
