68,137
70,160
74,183
80,204
88,225
100,244
115,261
133,275
153,277
173,273
189,259
205,242
218,223
226,203
231,181
235,159
237,136
89,129
101,121
117,120
132,123
147,128
168,128
183,123
197,120
211,121
222,129
158,145
158,161
158,178
158,195
144,203
150,205
157,207
164,205
171,203
108,147
117,144
127,144
136,148
126,150
116,150
179,148
187,144
196,144
205,146
197,151
188,151
132,231
142,227
151,224
158,226
165,224
172,227
180,231
172,238
165,242
157,243
149,243
141,239
136,231
151,231
158,232
165,231
176,232
165,231
157,232
150,231
