62,106
59,131
60,158
65,184
74,209
88,232
101,255
119,272
142,279
165,277
185,263
200,242
213,219
225,194
233,169
239,142
242,114
79,89
92,80
107,78
124,81
138,91
167,90
184,85
201,84
218,88
227,101
152,116
151,135
150,154
149,174
126,180
136,185
148,189
160,186
170,183
94,115
104,112
115,115
125,123
114,123
102,121
177,125
187,118
199,118
209,122
200,128
188,128
111,206
125,207
137,207
146,210
156,207
169,209
184,210
170,226
157,233
146,234
137,232
124,224
116,209
137,214
146,215
156,214
178,211
157,221
147,223
138,221
