77,137
79,155
82,173
86,191
92,207
103,220
118,232
134,241
153,243
172,240
186,229
199,216
209,202
214,185
216,168
218,151
219,133
88,117
95,105
109,102
123,103
135,110
162,108
175,102
189,99
202,103
210,113
150,125
151,137
151,149
152,161
138,172
145,174
152,175
159,173
165,171
104,129
112,125
121,125
130,130
121,132
112,132
170,129
177,124
186,123
194,127
187,130
178,131
126,198
136,194
146,191
153,192
160,190
168,192
178,196
169,203
161,207
153,208
146,208
136,205
130,198
146,197
153,197
160,196
174,196
160,197
153,198
146,198
