48,122
51,146
56,171
64,194
74,216
89,235
107,252
127,265
149,268
170,262
191,249
210,231
224,211
231,186
235,162
238,137
237,112
66,102
77,93
92,90
108,92
123,98
156,97
170,89
185,85
200,86
213,94
140,121
140,139
141,156
141,173
127,185
134,188
142,190
151,187
159,183
86,124
96,118
108,119
118,127
107,129
95,128
165,124
174,116
186,115
196,119
187,125
176,126
115,212
127,207
136,203
143,205
150,203
161,207
174,211
162,220
152,225
144,226
136,225
126,221
121,214
136,212
144,213
151,212
168,212
151,213
143,214
136,213
