78,136
79,154
82,173
85,191
92,208
103,222
115,235
129,247
144,251
159,249
174,240
188,228
199,213
207,197
212,180
217,162
219,143
90,126
100,120
113,120
125,122
136,127
159,129
170,124
183,123
196,124
206,131
146,143
146,156
145,170
145,183
133,190
138,192
145,194
151,192
157,190
103,143
111,139
120,140
128,147
119,148
110,147
166,148
174,141
183,141
191,146
183,149
174,149
119,207
129,206
138,204
145,206
151,204
161,205
172,207
162,218
152,223
145,224
138,223
129,218
124,208
138,211
145,211
152,211
168,208
152,213
145,214
139,213
