74,133
75,155
79,176
85,195
94,214
107,229
123,242
140,252
159,254
176,250
191,237
204,223
216,208
223,191
227,172
231,152
231,132
89,124
102,117
117,116
132,121
146,127
173,126
185,120
199,116
213,115
224,123
159,144
159,158
160,171
161,185
144,195
152,196
160,198
167,196
174,194
108,141
118,137
129,138
137,147
128,148
116,147
179,147
186,138
197,137
206,141
199,147
188,148
129,216
143,216
154,214
160,215
166,213
175,213
187,212
175,221
167,226
160,227
154,227
143,224
133,217
154,218
160,219
166,217
183,214
166,218
160,219
154,219
