73,130
73,149
75,168
78,187
83,205
93,219
107,231
123,241
142,245
161,242
178,233
194,222
206,208
213,191
216,172
219,153
220,134
86,116
97,108
110,107
123,111
135,117
158,117
171,112
183,109
197,111
206,120
146,132
145,145
145,158
144,171
130,179
137,181
145,184
153,182
160,179
100,134
109,129
118,130
126,138
117,138
108,137
166,138
174,131
183,131
191,135
184,139
175,139
116,200
128,196
139,194
146,196
154,194
164,196
176,200
164,210
154,215
145,216
137,215
127,211
121,201
139,202
146,203
154,202
171,201
154,204
146,205
138,204
