59,132
61,156
66,180
73,204
82,227
96,246
113,263
131,277
152,281
174,277
197,263
216,244
232,223
242,198
245,172
246,145
246,119
67,105
76,96
89,95
103,97
117,103
157,102
172,94
188,90
204,92
218,98
137,128
138,147
138,167
139,185
127,196
134,198
141,200
149,198
157,195
83,128
92,123
105,123
115,133
103,135
91,134
166,131
175,121
188,119
200,125
190,131
177,132
120,229
127,221
135,217
142,219
149,217
159,221
171,228
161,237
151,241
143,242
135,241
127,237
126,229
135,227
143,227
150,227
165,227
149,227
142,228
135,227
