70,120
72,143
76,165
82,187
91,207
104,225
121,240
141,250
161,252
180,247
197,234
211,219
222,201
229,181
233,160
236,139
237,117
88,102
102,94
118,94
133,97
147,103
174,103
187,98
201,95
215,96
225,103
160,123
161,139
161,155
162,171
145,181
153,183
161,185
169,183
176,180
106,123
115,117
127,118
136,128
125,129
114,128
182,128
191,119
202,118
211,124
203,129
192,130
130,205
143,201
154,198
162,200
170,197
179,199
190,202
180,213
171,219
162,220
154,220
143,216
135,205
154,207
162,207
170,206
185,203
170,206
162,208
154,207
