66,142
67,164
71,185
76,206
84,225
97,241
113,253
129,263
147,267
166,264
183,254
200,242
215,227
225,208
230,186
233,163
234,139
76,126
85,115
99,110
113,112
127,118
156,118
170,110
186,107
201,111
213,121
142,139
142,152
142,165
141,178
126,191
134,193
143,194
151,192
160,190
93,141
101,136
112,136
121,144
112,146
101,146
165,142
174,134
185,133
195,138
186,143
175,143
117,218
127,212
136,208
144,210
151,208
163,212
175,217
163,228
152,232
144,233
136,232
127,228
122,219
136,218
144,219
151,218
170,218
152,219
144,220
136,219
