74,139
76,159
81,178
85,197
92,215
103,229
117,241
133,251
149,254
166,251
182,240
198,227
210,213
218,195
222,176
224,157
226,138
87,129
97,121
110,119
124,123
136,130
166,129
178,123
190,119
204,120
213,128
151,145
151,158
151,171
151,184
136,192
143,194
150,196
157,194
164,192
104,145
113,139
123,140
131,150
122,150
112,149
170,149
178,140
188,139
197,144
190,148
180,149
121,208
133,207
143,206
150,207
158,206
168,207
179,207
168,218
158,224
150,225
142,224
132,219
125,210
143,212
150,213
158,212
175,209
158,213
150,214
143,213
