68,124
69,145
72,165
75,185
80,204
90,221
105,234
121,245
138,250
156,246
174,237
191,226
203,210
210,191
214,169
218,148
220,126
77,113
88,106
101,105
114,108
126,114
155,113
169,107
182,104
196,105
206,112
140,129
140,142
139,156
139,170
126,179
133,180
139,182
146,181
153,179
93,130
102,125
112,126
120,134
111,135
101,134
163,133
171,125
181,124
189,129
182,134
172,135
112,203
122,199
132,196
139,198
146,197
157,199
170,204
158,216
147,221
139,222
132,221
122,216
116,203
132,201
139,201
146,201
166,204
147,211
139,212
132,211
