69,141
71,162
76,184
79,205
86,224
99,239
116,251
134,259
152,262
170,258
187,248
203,236
214,221
220,202
223,182
225,161
227,140
86,126
95,119
107,116
120,118
131,123
164,123
176,118
189,117
201,119
210,126
149,145
149,159
149,173
150,186
135,196
142,199
149,200
156,199
163,197
102,145
111,141
121,142
129,150
120,151
110,150
167,150
175,142
185,142
193,146
186,150
176,151
123,221
134,216
144,212
150,214
157,212
167,215
178,219
168,229
159,233
151,234
144,234
134,231
128,221
144,221
150,221
157,220
173,220
158,220
151,221
144,221
