75,143
77,165
81,187
85,209
91,230
104,247
120,262
139,274
160,277
181,273
198,259
213,244
225,226
231,206
234,184
238,162
240,140
90,133
102,126
116,126
129,129
143,135
173,134
187,129
200,126
214,125
225,131
159,153
159,168
160,183
160,198
145,207
152,209
160,210
167,208
174,206
108,153
118,148
128,149
137,157
127,158
117,157
180,156
187,147
198,146
207,151
199,155
189,156
129,228
141,224
153,222
161,224
168,221
179,223
190,226
180,237
169,243
161,245
153,244
141,239
133,229
153,231
161,232
169,231
185,227
169,231
161,232
153,232
