74,149
75,170
78,190
81,210
89,229
102,246
118,261
136,273
156,275
175,272
192,260
208,246
221,230
228,211
231,191
234,171
235,150
90,141
100,133
115,130
128,133
142,139
169,137
182,131
196,129
210,131
220,140
155,156
155,172
154,188
154,203
140,212
147,214
154,215
162,213
170,211
107,157
116,151
127,152
135,161
126,163
114,162
175,161
184,151
195,149
204,155
197,161
185,162
125,232
137,231
148,229
155,231
164,229
175,230
188,231
176,242
164,247
156,248
147,247
136,242
130,233
147,236
156,237
164,236
183,233
164,236
156,237
147,236
