73,136
74,156
77,175
81,194
89,212
101,227
118,239
136,249
155,252
174,249
191,240
207,228
218,212
225,194
228,175
230,155
230,135
91,115
101,106
116,102
130,104
143,110
168,110
180,104
193,102
207,104
217,114
155,127
155,139
155,151
155,163
141,177
148,179
155,179
162,179
168,178
105,131
113,126
123,126
132,134
123,135
113,135
178,134
186,126
196,125
204,131
197,135
187,135
127,208
139,202
149,197
156,198
162,196
172,200
183,206
173,215
163,218
156,219
149,219
139,216
132,208
149,206
156,206
162,205
179,206
163,206
156,207
149,206
