71,119
72,142
76,165
81,186
90,207
103,227
119,243
138,255
157,259
177,254
194,241
209,225
221,206
229,185
233,163
237,141
238,119
85,106
96,99
110,97
124,99
137,105
173,105
186,99
200,97
213,99
224,106
156,124
156,141
156,158
156,175
139,181
147,183
156,187
164,184
172,180
102,125
111,119
122,120
132,127
121,129
110,129
178,127
187,119
198,118
208,123
199,127
189,128
125,201
136,196
147,195
156,198
164,195
176,197
188,201
177,215
165,222
156,223
146,222
135,216
129,202
147,203
156,204
165,203
183,202
165,211
156,213
147,211
