72,127
72,146
74,164
77,183
82,200
92,216
107,228
123,238
142,241
161,238
181,230
198,219
211,204
217,185
220,165
223,145
225,124
84,112
93,106
104,105
116,107
126,111
152,109
164,104
178,101
191,103
203,108
139,128
139,141
138,154
138,167
126,176
132,179
139,181
146,178
152,176
97,130
105,125
115,126
122,133
114,135
104,135
160,131
168,123
178,122
187,127
179,132
169,133
116,198
124,195
132,193
139,196
145,194
155,196
167,198
156,206
146,209
139,210
132,209
124,205
120,199
132,200
139,201
146,200
162,198
145,199
139,200
132,199
