78,134
81,156
84,178
88,199
95,219
107,237
122,254
139,268
157,272
175,268
193,255
209,240
222,223
229,204
233,182
237,161
240,139
91,121
103,113
118,113
132,116
146,123
174,123
188,117
202,115
217,117
228,126
159,141
158,158
158,174
158,189
143,196
150,198
158,201
166,199
173,197
107,142
117,136
128,137
137,147
127,148
115,147
180,149
189,139
201,138
210,145
202,149
191,150
120,211
136,210
149,209
158,212
167,210
180,211
195,212
181,230
167,237
157,237
147,236
133,229
126,213
148,217
158,219
167,218
190,215
167,226
157,226
147,225
