67,135
69,158
72,179
76,200
83,219
96,236
111,250
128,262
148,267
167,264
186,252
203,238
215,220
223,199
227,177
231,155
233,131
83,119
95,113
108,114
120,117
131,122
159,121
171,115
184,111
199,111
212,117
145,139
145,155
145,171
145,187
130,197
138,199
146,201
154,199
162,197
98,140
107,136
117,137
125,145
116,146
106,145
168,144
177,136
187,135
196,139
188,143
178,144
115,218
128,217
138,215
146,218
155,215
166,217
179,219
167,231
156,235
147,236
138,235
128,229
120,219
138,224
146,225
155,224
175,220
155,222
147,223
139,222
