64,134
66,157
70,179
74,202
82,223
94,242
110,258
127,271
147,275
167,272
185,259
202,242
216,222
224,200
227,176
228,151
227,127
76,126
87,118
101,120
114,124
127,130
155,127
167,119
181,115
197,115
209,122
140,146
141,163
142,180
142,197
127,203
135,206
143,208
151,205
159,202
92,146
101,141
112,142
122,151
111,153
100,152
163,150
172,140
183,138
193,143
185,149
174,150
114,224
126,224
136,222
144,224
151,221
162,221
175,220
164,232
153,239
145,240
138,240
126,235
119,225
136,229
144,229
151,228
170,222
152,228
145,230
137,229
