62,136
64,165
68,193
75,219
87,242
103,261
122,275
142,288
161,292
178,288
193,275
210,261
226,243
238,221
247,197
253,172
256,146
85,124
102,114
123,111
142,114
161,122
198,123
214,115
230,112
245,114
256,124
179,153
179,175
180,197
180,218
155,223
165,227
176,231
186,228
195,224
108,152
122,147
136,148
148,158
134,161
120,160
201,157
212,146
226,145
237,151
228,159
213,160
131,242
149,243
163,243
171,246
180,244
189,246
198,247
187,259
177,265
168,266
159,264
145,256
137,243
162,249
171,251
179,250
193,249
178,252
169,254
160,252
