88,134
92,154
98,173
104,191
113,208
124,223
137,236
152,246
168,248
184,244
199,233
212,219
223,202
230,183
234,163
238,143
239,121
96,124
104,116
116,114
128,114
140,118
167,115
180,109
194,107
207,108
219,113
155,136
156,150
156,164
157,177
147,186
152,188
159,189
165,187
172,184
111,139
120,133
130,134
138,141
129,144
119,143
176,139
184,130
195,128
204,133
197,138
186,140
137,206
147,203
154,200
161,202
168,200
177,200
189,201
179,212
170,217
163,218
155,218
147,215
142,207
155,208
162,208
169,207
184,203
169,206
162,208
155,207
