67,167
73,189
79,210
88,228
101,244
118,256
132,269
146,281
164,283
181,278
196,267
208,252
223,235
232,215
237,192
240,166
241,140
74,165
83,158
96,155
111,154
125,157
153,154
168,147
185,144
202,144
219,148
143,177
144,195
146,213
148,230
132,232
141,236
151,238
161,234
171,230
89,179
99,174
112,173
123,182
112,184
99,184
169,177
178,167
191,164
204,167
194,175
181,177
126,242
137,245
146,245
154,246
162,243
175,241
190,237
176,249
164,258
156,259
148,258
138,252
130,244
147,250
155,251
163,249
185,239
163,247
155,250
147,248
