63,140
64,162
69,184
75,204
83,224
95,241
110,256
127,269
147,273
166,269
183,257
198,240
210,221
219,201
226,179
231,157
232,134
69,128
79,119
95,116
110,118
125,123
158,122
173,115
189,111
206,112
219,121
140,142
140,161
140,180
140,198
125,206
133,208
141,211
150,208
159,204
84,144
94,137
106,137
116,147
105,150
93,149
167,145
177,134
189,133
200,139
191,145
178,147
114,229
125,227
135,226
143,228
151,225
162,226
176,227
164,239
153,244
144,245
136,245
125,240
119,230
135,233
143,234
151,233
171,228
152,233
144,234
136,233
