71,138
72,159
75,181
79,202
86,222
97,240
112,255
130,266
149,270
169,267
187,256
203,241
215,224
222,204
226,183
230,163
231,142
85,120
96,114
108,113
121,116
132,123
166,125
178,120
191,117
205,118
216,125
149,145
149,160
149,174
149,189
134,200
141,202
148,204
155,202
162,201
101,141
110,136
120,138
128,147
118,148
108,147
170,149
178,140
188,140
197,145
190,150
180,151
121,226
131,221
141,217
148,219
156,217
166,221
176,226
166,235
156,240
148,240
140,240
130,235
125,227
141,226
148,227
155,227
172,227
156,227
148,228
141,227
