81,151
83,168
87,184
93,200
101,215
111,229
124,242
139,252
154,254
169,250
185,239
198,226
209,212
215,195
215,176
215,158
214,140
84,138
92,131
103,128
115,128
127,130
150,130
162,125
175,123
188,124
200,129
139,147
140,160
141,174
142,188
132,196
138,198
144,199
150,196
156,193
96,148
103,143
113,143
122,150
113,152
103,152
160,148
168,139
178,138
186,143
180,147
170,148
123,213
132,210
140,208
147,209
153,207
164,208
175,208
165,219
156,224
148,225
142,225
133,222
127,214
140,214
147,214
154,213
171,209
154,214
147,215
141,215
