63,112
65,140
72,168
79,195
92,218
107,240
124,261
141,278
162,283
182,278
200,260
216,240
233,219
245,197
253,172
260,146
263,119
74,97
88,83
108,80
129,82
147,92
190,92
208,85
227,83
244,87
256,99
168,124
168,146
167,168
167,189
146,199
156,202
166,205
176,202
185,199
97,124
111,120
126,121
137,131
124,134
109,132
196,131
210,122
224,121
235,126
225,133
210,134
123,218
141,222
156,222
165,225
174,222
187,223
202,220
186,236
174,243
163,244
154,243
139,235
130,220
155,230
164,232
174,230
196,222
174,228
164,230
155,228
