80,148
83,171
87,193
92,214
99,234
111,253
126,268
144,281
162,284
181,281
198,268
213,253
226,235
233,215
236,193
240,170
242,147
91,139
102,130
116,129
131,132
144,138
174,137
187,130
202,127
216,128
227,137
159,155
159,172
159,189
159,205
145,210
152,213
160,216
167,213
174,211
109,156
117,150
129,150
138,159
127,161
116,160
182,158
191,149
202,148
211,154
203,159
192,159
128,225
139,224
151,225
160,227
169,226
182,226
195,226
183,244
169,252
160,253
150,251
138,243
131,227
151,231
160,232
169,231
191,227
169,241
160,242
151,240
