85,154
86,171
88,188
93,204
101,218
111,230
123,240
136,249
149,251
163,249
175,240
186,229
196,216
204,202
210,186
214,169
215,151
97,144
108,139
121,138
134,140
144,145
160,144
171,139
183,136
196,137
206,143
153,156
153,170
154,183
154,197
139,201
146,203
153,205
160,204
167,202
109,155
118,151
127,152
135,159
126,160
117,159
171,158
179,152
188,151
195,155
189,159
180,160
125,213
135,213
146,212
152,214
159,212
168,214
178,216
168,228
159,233
151,234
144,233
134,227
129,215
145,216
152,218
159,217
174,217
159,224
152,225
145,223
