83,135
84,155
88,174
93,192
101,209
111,224
125,238
139,249
156,252
173,249
188,239
202,227
213,211
221,194
225,175
229,156
230,135
94,127
105,120
118,119
131,122
142,127
164,126
176,120
190,118
204,120
215,127
153,142
153,156
154,170
154,184
141,192
148,193
154,194
161,193
168,192
109,143
117,138
127,139
134,146
126,148
116,147
174,146
181,139
191,138
198,143
192,147
182,148
129,210
139,207
148,204
154,206
161,204
170,207
181,209
171,218
162,222
154,223
147,222
139,219
133,211
148,212
155,212
161,212
177,210
161,212
154,213
148,212
