75,136
78,156
83,175
89,194
97,211
108,226
121,239
138,250
156,253
174,249
190,238
204,225
216,209
223,190
226,170
229,150
231,129
88,125
96,115
109,111
122,114
135,119
163,115
177,109
190,106
204,109
214,118
150,134
150,148
151,162
151,176
137,186
144,188
152,189
160,187
168,186
103,140
110,135
120,135
128,141
120,143
110,143
174,138
181,131
191,130
199,134
192,138
183,139
128,208
139,205
148,203
154,204
161,202
172,204
184,206
172,216
162,221
155,222
148,222
139,217
132,209
148,210
155,211
162,210
180,207
162,210
154,211
148,210
