67,139
69,160
73,180
77,200
83,220
96,236
114,247
134,257
155,260
176,256
195,246
212,233
223,216
227,196
229,175
231,155
232,134
86,121
98,115
113,114
127,117
141,122
161,122
174,117
189,113
203,114
215,122
152,139
154,151
155,164
156,177
141,188
148,190
155,192
162,190
168,188
103,139
112,134
122,134
130,143
121,144
111,144
173,143
180,134
191,133
199,139
192,143
182,144
126,214
138,209
148,206
155,208
161,206
169,209
180,215
170,222
161,225
155,225
148,225
138,222
131,215
148,214
155,215
161,215
175,215
161,214
155,215
148,214
