69,142
69,164
71,186
75,207
81,227
92,246
107,262
124,276
143,282
164,279
186,268
205,255
221,237
231,217
235,194
237,173
239,151
80,128
91,118
105,116
121,118
135,124
163,126
178,122
194,121
209,125
221,135
147,144
147,160
146,175
145,191
128,197
136,201
146,204
156,202
166,199
97,146
106,141
115,143
124,150
114,150
105,148
173,151
182,145
192,144
202,149
192,151
183,151
109,217
123,214
137,213
146,215
156,213
172,216
187,220
172,237
156,245
145,245
134,244
121,235
113,219
136,220
146,222
156,221
183,221
156,233
146,234
135,232
