90,136
92,155
95,173
98,192
104,209
115,224
129,236
145,247
162,250
179,246
195,235
209,223
220,208
225,190
227,171
230,153
231,134
101,130
111,125
123,126
133,130
144,134
172,133
183,128
194,124
206,122
216,127
158,147
158,160
158,174
159,187
146,193
153,194
159,196
166,194
172,192
115,147
123,144
132,144
139,151
131,152
122,151
179,149
185,142
194,141
202,145
195,148
187,149
133,207
144,206
153,205
160,206
167,204
176,205
188,205
178,217
168,222
161,223
154,223
144,218
138,209
153,211
160,211
167,210
183,207
167,212
160,214
154,213
