73,130
75,150
77,168
81,185
89,203
101,217
117,229
135,238
154,240
172,237
187,228
201,215
211,200
216,182
219,163
221,144
222,125
92,117
101,109
114,106
127,109
138,114
164,112
175,106
188,104
201,106
210,113
153,131
154,143
154,156
155,169
141,179
148,181
154,182
161,180
166,179
107,132
115,127
125,128
132,135
124,136
115,136
171,133
178,126
187,125
195,129
188,133
179,134
129,201
138,196
147,193
154,195
160,193
169,197
178,201
170,207
161,211
154,211
147,211
138,208
133,201
147,201
154,202
161,201
174,201
161,201
154,201
147,201
