69,143
70,165
74,186
78,208
85,228
97,246
112,263
130,276
150,280
170,276
188,264
204,248
216,230
225,209
229,188
231,165
230,143
81,126
93,118
107,115
121,119
132,127
155,126
167,120
182,116
197,116
211,123
145,142
145,158
145,173
145,189
130,201
138,203
145,205
153,203
161,202
95,143
104,138
115,138
123,147
114,148
103,147
171,148
179,139
190,138
200,142
191,147
181,148
117,229
128,226
138,222
145,225
153,222
164,226
177,229
165,240
154,245
146,246
138,245
128,240
122,231
138,232
146,233
153,232
172,230
153,232
146,233
138,232
