75,149
77,171
81,192
86,213
93,234
105,253
119,270
135,283
155,288
174,283
192,270
207,254
219,235
226,214
230,191
235,168
237,146
88,141
99,134
113,135
126,139
139,146
167,144
180,137
194,133
209,132
222,139
154,162
154,178
154,194
153,210
140,216
146,219
153,221
161,219
168,216
105,161
114,156
125,157
133,166
123,167
112,165
176,165
183,157
194,155
204,160
196,165
185,166
123,231
134,230
145,230
153,232
162,230
174,231
188,231
175,248
162,256
153,256
143,255
132,247
126,233
144,235
153,237
162,236
184,233
162,245
153,246
144,244
