69,137
71,158
75,180
80,202
88,222
101,240
118,255
136,267
156,270
177,266
195,252
212,237
225,219
233,198
236,176
239,154
239,131
81,119
93,112
108,110
122,112
136,117
165,116
179,110
193,108
208,109
221,115
151,138
152,154
152,169
153,185
137,197
145,198
153,200
161,198
168,196
99,139
108,134
120,134
128,143
118,145
107,144
175,143
183,133
194,133
204,138
196,143
185,144
123,220
134,217
145,214
152,216
160,213
171,216
183,219
172,230
162,235
153,236
145,235
135,231
127,221
145,223
153,223
161,222
179,220
161,223
153,224
145,223
