64,109
65,134
70,157
76,181
86,202
100,224
115,243
132,259
151,265
170,261
186,247
201,229
214,208
226,185
236,161
243,134
246,106
77,105
88,94
105,91
123,92
141,98
173,99
189,92
206,89
223,90
236,99
157,125
157,148
156,171
155,193
135,194
144,198
154,202
165,199
174,195
96,125
107,118
121,119
132,131
119,134
105,133
180,130
191,117
205,116
216,122
207,130
193,132
126,222
135,217
144,216
154,218
162,216
172,218
182,223
172,235
162,240
153,240
144,239
134,232
130,222
144,222
154,223
162,223
177,224
162,227
153,228
144,226
