69,117
69,139
72,160
76,181
82,202
93,220
106,237
121,249
139,255
159,254
178,244
194,230
207,213
215,192
222,171
227,149
231,126
81,108
91,103
104,105
115,109
126,114
160,116
174,112
187,110
201,111
211,119
142,137
141,154
139,172
138,189
125,193
131,197
138,199
146,198
153,196
95,129
103,124
114,126
122,137
112,137
101,135
165,140
174,131
185,131
194,137
186,142
175,142
117,212
125,210
132,209
139,212
146,211
154,214
165,217
155,226
145,230
138,229
131,228
124,222
121,214
132,215
138,217
145,216
160,217
146,218
138,218
132,216
