54,111
56,140
60,168
64,195
72,220
85,242
102,261
123,275
147,280
171,276
194,263
211,245
226,225
235,201
243,176
251,150
257,122
77,93
91,84
109,83
127,86
143,94
172,97
189,93
206,93
222,97
234,105
158,117
158,134
157,152
157,169
137,182
146,185
154,188
163,187
171,185
95,114
107,108
120,110
130,121
118,123
104,121
183,125
194,116
207,117
217,124
207,129
194,129
120,216
132,207
145,203
153,206
162,204
172,210
181,221
171,230
160,236
151,237
141,235
130,230
126,217
144,214
152,215
161,215
176,220
160,221
152,222
143,220
