73,123
72,144
75,165
79,185
86,204
98,221
114,234
132,244
151,246
170,242
187,231
201,217
211,201
218,183
223,164
229,144
231,125
92,104
104,97
118,95
132,98
144,104
171,105
184,100
198,98
212,100
222,109
157,124
156,137
156,151
155,164
140,177
147,178
155,180
162,178
170,177
104,124
115,122
125,122
133,128
123,130
113,128
180,129
189,124
199,124
207,127
199,131
189,131
123,201
136,196
147,191
155,194
162,192
172,196
183,201
172,209
162,212
154,213
146,213
135,209
127,202
147,201
155,202
162,201
179,201
162,201
155,202
147,201
