53,121
55,148
59,174
64,200
73,224
90,244
110,262
132,276
155,280
178,274
198,258
216,239
229,218
237,195
243,170
246,146
247,121
69,111
83,101
102,101
119,106
135,115
169,115
185,108
201,102
219,102
233,110
153,136
153,154
153,172
154,189
135,197
143,200
153,203
162,201
171,198
91,133
102,127
116,129
127,140
114,143
100,141
177,141
188,130
202,129
213,135
204,142
190,143
115,219
130,218
144,216
153,218
162,216
174,217
189,219
176,234
163,241
154,242
144,241
130,234
121,222
144,227
153,228
162,227
183,221
163,226
153,228
144,227
