79,131
80,152
83,173
88,193
95,212
107,228
122,243
138,254
157,259
176,256
195,246
212,233
226,217
234,198
237,176
239,155
241,133
93,115
103,107
116,104
129,105
142,111
173,112
186,107
200,106
213,109
223,117
157,129
156,143
156,157
155,171
141,180
148,182
156,184
164,183
172,181
110,131
118,125
128,126
136,134
127,134
117,134
179,135
186,127
196,127
205,133
197,135
187,135
125,203
136,198
147,197
156,199
165,197
178,199
192,204
179,220
166,226
156,227
147,226
135,219
129,204
147,203
156,204
165,203
187,204
166,215
156,216
147,215
