80,143
82,162
84,181
87,200
95,216
107,231
122,243
139,252
157,255
175,250
190,239
204,227
214,212
220,196
222,177
223,160
223,141
97,128
106,120
117,116
129,117
140,123
169,125
178,120
190,119
201,122
209,129
155,143
155,157
156,169
156,182
141,190
148,192
156,194
163,192
169,190
111,146
120,142
129,143
136,149
128,150
119,150
172,150
180,144
189,143
197,147
190,151
181,151
122,208
136,206
148,205
155,206
162,204
174,205
186,206
175,221
164,228
156,229
147,229
135,223
127,209
148,210
155,210
162,209
181,207
163,218
156,219
148,219
