79,131
80,153
84,175
87,196
94,216
105,235
121,249
139,260
158,263
178,259
196,248
210,233
220,215
225,195
227,175
230,155
232,134
95,119
106,113
119,112
132,114
145,119
171,120
184,116
197,114
210,115
220,123
157,139
157,153
157,167
156,181
144,191
150,193
156,195
163,193
169,191
113,138
122,134
131,135
139,142
130,143
121,143
177,142
185,136
194,136
202,140
195,144
186,144
129,215
139,211
149,209
156,211
163,209
172,211
181,215
173,224
164,228
156,229
148,228
139,224
134,215
149,217
156,218
163,217
176,215
163,217
156,218
149,217
