68,140
70,161
74,181
78,201
86,219
98,233
115,244
134,253
155,255
175,253
194,245
210,234
221,219
228,202
232,183
236,163
238,142
87,115
98,105
113,102
129,104
143,109
168,110
182,104
197,102
212,105
223,115
155,127
156,139
156,151
156,164
141,179
148,180
156,181
163,180
170,179
104,129
113,123
124,123
133,132
123,133
112,132
178,133
186,124
197,123
206,129
198,133
187,133
129,209
138,201
148,196
155,199
162,196
173,201
183,209
173,216
163,219
156,219
148,219
138,215
133,208
148,205
155,206
162,206
178,209
163,207
156,207
148,206
