75,127
75,149
76,170
79,191
86,211
98,228
115,242
134,252
155,256
175,253
196,243
214,230
227,213
234,194
238,174
241,153
242,131
89,116
100,107
115,105
130,108
144,114
170,116
185,111
200,109
215,111
226,120
157,134
156,147
156,159
156,172
140,184
147,186
155,187
163,186
171,186
106,134
115,130
126,131
135,139
125,141
113,140
178,141
188,134
199,133
208,138
199,143
188,143
124,210
136,204
148,200
155,202
162,201
173,205
185,212
173,221
162,225
154,225
146,225
135,220
128,211
147,211
155,212
162,212
180,212
161,212
154,213
147,212
