81,120
82,141
85,161
89,180
96,199
107,215
120,228
135,239
152,244
169,242
187,233
203,221
216,206
224,188
230,169
234,148
236,126
91,105
99,95
113,91
127,92
140,98
174,99
188,93
203,93
216,99
225,109
155,123
155,138
154,153
153,167
139,176
146,179
153,181
161,179
169,177
106,125
115,121
126,121
134,128
125,129
114,129
180,130
189,124
199,124
208,129
199,133
189,132
129,200
138,196
146,194
153,196
159,195
168,198
178,203
168,211
159,215
152,215
145,214
138,210
134,200
146,201
153,203
159,202
173,202
159,202
152,203
146,202
