71,134
72,157
75,179
77,201
84,220
97,236
113,250
131,262
149,266
167,262
185,250
201,237
215,221
222,203
226,183
229,162
230,141
89,133
99,124
113,122
126,124
139,130
165,131
178,127
192,125
205,129
215,138
151,149
151,164
150,179
149,194
134,198
141,201
149,204
157,202
165,200
106,146
114,141
124,143
131,152
122,152
113,151
170,153
178,145
187,144
196,149
189,153
179,154
117,211
129,213
140,214
148,215
157,214
168,215
179,214
167,226
156,231
147,233
139,231
128,224
122,214
140,219
148,221
157,220
174,216
156,221
148,222
140,221
