71,136
73,158
76,179
81,200
89,218
102,234
118,248
136,260
156,263
176,258
193,245
209,231
221,215
229,196
232,175
234,155
235,134
88,129
100,121
114,120
129,122
142,127
165,124
178,119
192,117
206,119
217,127
155,141
155,157
156,172
156,188
140,194
148,197
156,199
163,196
171,193
106,142
115,137
125,138
133,146
124,146
114,145
174,145
182,136
192,136
200,141
193,144
183,145
121,211
134,209
147,209
156,210
165,208
177,208
191,207
178,224
166,231
156,233
147,232
134,225
125,212
147,214
156,214
165,213
186,209
165,221
156,223
147,222
