74,134
77,155
80,176
85,196
93,215
108,230
125,242
143,251
162,254
179,251
194,239
207,226
218,210
223,190
226,170
228,150
228,129
98,121
109,115
121,113
134,116
146,120
170,120
181,114
194,112
206,113
215,119
159,137
160,151
161,164
161,177
146,187
154,189
161,190
167,188
173,187
113,139
122,135
131,135
139,142
131,143
121,143
176,141
183,134
192,133
201,137
194,141
185,142
133,209
143,204
152,201
160,203
167,200
176,203
185,208
177,217
169,221
161,222
154,222
144,217
137,209
153,209
160,210
167,209
181,209
168,210
161,211
154,210
