64,97
67,121
72,145
78,167
87,188
100,207
115,224
133,240
152,244
173,239
191,224
206,206
220,187
228,164
233,141
238,116
240,91
75,96
89,90
104,93
118,99
131,106
162,107
177,99
192,93
207,91
222,96
148,122
148,139
149,157
149,174
134,179
142,182
149,184
158,181
165,179
94,118
105,112
117,114
126,125
115,126
103,125
172,126
182,115
195,114
205,119
197,126
184,127
121,195
133,196
143,195
151,198
159,195
170,195
183,193
170,207
160,213
152,215
143,214
133,208
125,197
143,202
151,203
159,202
178,196
160,202
151,203
143,202
