75,128
76,150
79,172
83,193
90,212
102,229
119,242
138,251
157,254
176,251
194,240
209,227
220,211
226,191
230,171
234,151
235,130
92,116
105,109
120,109
134,114
147,120
171,121
184,115
198,111
213,112
225,119
159,136
159,150
159,164
159,178
144,188
151,189
158,192
166,190
173,188
108,132
117,127
128,129
136,138
126,138
116,137
181,138
189,129
199,128
209,133
201,138
190,139
129,211
140,206
151,202
158,204
166,202
176,205
187,212
177,219
167,223
159,224
151,223
140,219
134,212
151,211
158,212
166,211
182,212
166,211
159,212
151,211
