46,112
47,140
51,167
54,194
63,220
78,242
97,261
121,276
147,280
174,275
198,260
218,242
233,220
242,194
245,167
248,139
249,111
63,95
77,86
95,88
111,93
127,100
164,98
179,91
196,87
213,87
227,95
146,123
145,144
145,164
145,184
125,196
135,198
145,201
155,198
165,195
84,122
95,117
107,119
117,128
105,129
93,127
176,128
186,119
198,117
209,121
199,127
187,129
106,220
119,217
133,215
144,217
154,214
169,215
185,218
171,232
157,240
146,242
134,241
120,234
112,221
133,225
144,226
155,224
180,220
156,225
145,227
134,226
