88,122
86,145
86,168
89,191
96,213
108,232
125,247
143,259
163,264
182,261
200,249
214,235
226,218
234,199
240,178
243,157
242,137
103,103
113,94
128,93
143,96
156,104
187,107
200,103
214,102
227,105
236,114
170,125
169,141
168,157
167,174
148,186
157,188
166,190
175,189
184,187
116,121
125,116
136,117
146,127
135,127
123,126
193,132
203,123
214,124
223,130
214,134
202,133
135,211
147,206
159,202
167,205
174,203
185,207
195,213
185,223
174,228
166,228
157,227
146,222
140,212
158,212
166,214
174,213
190,213
174,213
166,213
158,212
