63,150
65,173
68,197
73,219
83,241
98,260
116,277
135,290
156,293
175,289
192,275
208,260
220,241
228,220
232,198
236,176
237,154
81,142
93,133
110,131
125,134
140,141
171,141
186,134
202,131
218,133
227,145
156,159
156,178
157,195
158,213
136,216
146,220
156,224
166,220
175,216
99,160
109,154
120,156
128,164
118,166
107,164
180,164
188,156
199,155
208,161
201,164
190,165
114,233
128,229
143,229
154,231
165,229
178,230
192,231
179,250
166,258
154,259
142,258
127,250
118,235
143,235
154,236
165,235
187,234
165,246
154,248
143,247
