68,131
70,153
73,174
77,195
84,215
95,233
110,248
129,259
150,264
171,261
191,251
208,236
221,220
230,201
235,180
239,160
241,139
84,115
96,109
109,108
123,109
135,114
171,113
184,109
197,109
210,113
221,119
152,135
152,148
151,161
151,174
138,187
144,189
151,190
158,189
166,187
99,136
109,130
120,131
129,141
119,141
107,140
175,141
184,131
195,131
205,137
196,141
185,141
120,207
133,203
144,201
152,203
160,201
171,203
184,207
171,220
160,224
152,225
143,224
132,219
125,208
144,212
152,212
160,212
179,209
160,212
152,213
144,212
