76,136
78,156
82,175
86,195
93,215
105,232
120,245
139,255
159,258
178,255
195,244
210,230
221,213
227,194
231,175
235,156
237,137
96,128
107,122
121,120
135,121
148,125
172,123
185,119
198,117
211,119
222,126
160,143
160,156
160,169
159,182
146,192
153,193
159,195
165,193
171,192
112,143
121,140
130,141
136,147
128,149
119,148
181,147
188,141
197,140
205,144
198,148
189,149
133,216
143,209
152,205
158,207
165,205
173,209
182,215
173,223
165,226
158,227
151,226
142,223
137,216
152,214
158,214
164,214
178,215
165,216
158,216
152,216
