84,150
86,169
89,188
95,206
104,223
117,237
134,248
151,257
168,259
183,255
199,243
213,228
223,211
229,192
230,171
231,150
229,131
89,126
96,119
107,118
119,121
130,126
156,124
169,116
183,111
198,110
211,117
145,142
146,156
146,171
147,185
139,194
145,196
152,197
158,194
165,192
103,147
110,141
120,140
129,148
120,151
110,151
168,144
176,136
186,134
196,138
189,144
178,145
130,214
142,214
150,212
157,213
163,210
174,210
190,207
177,219
167,224
160,225
153,224
144,222
135,215
151,217
158,217
164,216
185,209
165,216
158,218
152,217
