77,136
78,156
81,174
84,193
90,211
101,225
116,236
133,244
151,247
169,243
187,235
202,224
212,210
218,192
221,174
224,156
226,137
88,114
98,106
110,104
123,107
134,113
163,114
176,109
189,106
202,108
212,117
150,130
150,143
150,155
149,167
136,178
143,180
150,181
156,180
163,178
104,131
112,126
122,126
130,135
121,136
111,136
168,135
177,127
187,127
195,132
188,136
178,137
122,203
133,200
143,197
149,199
157,197
167,200
178,202
168,212
158,217
150,218
143,217
132,213
126,204
143,205
149,205
157,204
174,203
157,205
150,206
143,206
