61,140
62,164
67,187
75,208
87,227
103,243
120,258
137,272
157,274
177,269
196,254
214,237
230,220
241,199
245,176
247,151
246,126
69,122
80,113
96,112
112,116
126,123
161,121
178,114
195,110
213,111
227,119
146,144
146,163
147,181
147,200
130,207
139,210
149,213
158,210
168,207
87,143
98,137
111,138
122,148
110,150
97,149
172,148
182,137
196,135
207,141
198,147
184,149
119,226
131,227
142,226
150,228
159,226
172,226
188,223
173,236
160,242
151,243
142,242
131,238
124,228
142,232
150,233
159,231
182,225
159,232
150,233
142,232
