79,142
82,161
85,179
89,197
97,213
109,227
123,237
140,245
157,247
172,243
187,233
199,220
207,206
212,190
215,172
217,155
217,137
96,129
106,121
118,119
131,121
143,126
165,125
176,120
187,117
199,119
207,127
155,140
156,153
157,166
157,180
145,188
151,189
157,190
163,189
168,188
113,140
121,136
130,136
137,144
129,145
120,144
171,143
178,136
187,135
194,139
188,143
179,144
133,205
142,202
151,200
157,202
162,200
170,202
179,202
170,210
163,214
157,215
151,214
142,212
136,205
151,206
157,206
162,205
175,203
162,205
157,206
151,206
