63,143
64,165
67,185
69,207
75,227
87,244
105,257
124,267
145,271
165,268
185,257
202,244
213,228
219,208
222,187
225,167
227,146
79,127
89,118
104,115
118,119
131,125
163,128
176,121
190,118
204,122
214,132
146,146
146,161
145,175
145,189
130,198
138,200
145,202
153,200
160,199
97,147
106,143
116,144
124,151
114,152
104,151
168,152
176,146
186,146
195,150
187,153
177,154
110,219
124,219
137,218
145,220
153,218
165,219
179,219
166,231
154,237
145,238
136,237
123,231
115,221
137,226
145,227
153,226
173,221
153,226
145,227
137,225
