79,123
79,143
82,163
86,183
93,202
103,219
117,235
133,247
153,250
174,247
192,236
206,221
217,203
223,184
228,164
231,143
232,122
94,111
103,102
115,100
128,102
139,107
165,107
177,101
191,100
204,102
214,111
152,125
152,138
152,151
152,165
138,177
145,179
152,180
160,179
168,177
107,126
115,120
125,121
133,129
124,131
114,130
172,129
181,121
191,120
199,126
192,131
181,131
127,202
137,197
147,193
153,195
160,193
171,196
181,202
171,210
161,215
154,216
146,215
137,211
132,203
147,202
153,203
160,202
177,202
161,203
154,204
147,203
