71,147
73,168
76,188
81,207
89,226
101,242
117,254
134,264
154,269
174,266
191,256
207,244
220,228
228,209
232,189
235,168
237,147
87,131
98,124
112,122
126,124
139,129
162,130
175,125
190,124
205,127
216,134
150,146
150,160
151,174
151,188
136,197
143,200
151,201
159,199
167,196
104,146
112,141
121,142
130,149
120,150
111,149
172,150
180,143
190,143
198,147
190,150
181,151
126,218
136,213
145,210
153,212
161,209
171,211
182,216
171,223
162,226
153,228
145,227
136,224
130,218
145,217
153,218
161,217
178,216
161,216
153,217
145,217
