72,139
74,160
78,178
82,198
89,216
100,230
116,241
134,251
154,254
175,250
193,241
209,230
221,215
227,198
230,179
233,161
233,142
86,114
97,102
113,97
130,99
146,105
170,106
183,101
199,101
213,106
221,119
157,124
156,137
156,150
156,164
140,177
148,180
156,182
164,181
171,179
104,127
113,122
123,122
133,129
123,130
113,130
179,131
188,124
199,125
207,131
198,133
188,132
127,205
137,198
147,194
155,197
162,195
171,200
180,207
171,214
161,217
153,218
145,217
136,213
131,205
147,203
154,204
162,204
176,207
161,205
154,206
146,205
