49,148
51,172
56,196
61,219
69,241
82,259
100,275
120,288
140,291
162,286
182,274
200,259
214,241
223,220
228,197
234,173
239,148
63,137
74,128
90,126
106,128
121,135
158,136
173,129
189,126
205,128
218,139
138,156
139,172
139,188
139,203
124,213
132,214
139,215
147,214
155,212
81,157
91,151
104,151
114,162
102,164
90,163
164,162
173,152
186,151
197,157
188,163
175,164
107,235
120,232
132,229
140,231
147,229
160,231
174,233
161,248
148,255
140,256
131,255
119,250
112,236
131,236
140,236
147,235
169,235
148,244
140,245
131,244
