54,122
56,145
62,169
71,193
82,216
95,236
111,256
127,273
146,279
169,273
191,259
214,241
234,220
247,195
255,168
259,138
260,109
56,99
66,91
81,91
96,95
110,101
148,98
166,89
185,84
204,85
222,93
130,123
129,141
129,159
128,177
115,188
123,192
132,194
142,191
151,188
72,123
82,117
96,118
107,128
95,131
82,130
163,125
175,114
189,113
202,118
192,125
177,127
110,218
118,212
127,209
134,212
143,209
158,213
174,218
159,231
146,239
136,240
127,238
119,231
116,219
127,219
135,221
144,219
167,219
144,223
135,224
127,222
