76,141
78,164
82,186
86,207
95,227
109,244
127,258
146,269
166,270
185,265
201,251
216,236
227,219
233,200
236,180
239,160
240,139
93,129
105,121
120,120
135,122
148,127
179,125
192,119
206,116
220,119
230,127
164,146
164,162
165,178
165,193
150,202
157,203
165,205
172,203
178,201
111,147
121,141
133,141
142,151
131,153
120,152
184,150
193,139
204,138
213,144
206,149
194,151
130,217
145,217
156,216
164,218
172,216
182,216
193,216
182,228
173,234
165,236
156,235
144,230
135,219
156,224
164,225
172,224
188,218
172,223
164,225
156,224
