68,151
68,171
70,190
73,210
80,227
94,242
111,254
130,263
150,265
170,261
187,251
203,238
215,223
220,205
222,185
223,166
223,146
85,126
96,119
109,117
122,121
133,126
159,123
172,118
184,115
197,117
207,124
148,145
149,159
149,173
150,187
135,198
142,200
150,202
157,200
164,198
100,147
109,141
119,142
128,150
119,151
108,150
167,148
175,140
185,140
193,145
186,148
176,149
119,218
131,213
142,210
150,213
158,211
169,213
181,217
170,226
159,230
151,231
142,230
131,226
123,218
142,220
150,221
158,220
176,218
159,220
150,220
142,219
