64,148
67,168
71,188
76,208
83,228
95,245
112,257
132,268
152,271
172,266
189,254
205,240
217,223
223,203
226,182
229,162
230,142
79,141
91,132
105,130
120,132
134,137
158,135
172,127
187,122
202,121
215,129
146,151
147,165
147,179
147,193
132,203
140,206
148,208
155,206
163,203
94,152
103,147
114,147
124,157
114,158
102,158
170,155
179,144
191,143
200,148
192,154
181,156
120,228
133,225
142,222
148,225
155,222
165,225
177,227
165,235
155,239
148,239
141,239
132,236
125,229
142,228
148,229
155,228
172,228
155,228
148,229
141,228
