76,141
79,161
83,181
88,200
97,218
109,233
123,247
138,258
155,261
173,258
190,247
205,233
218,217
225,198
230,178
233,157
233,136
90,129
100,121
113,120
126,123
138,128
166,128
178,122
191,117
205,118
216,126
152,146
152,160
152,173
153,186
139,196
146,198
153,199
160,197
168,195
105,147
113,142
124,142
133,151
123,153
112,152
173,150
182,141
193,139
202,145
194,150
183,151
129,219
138,214
147,211
154,213
160,210
170,213
181,216
171,227
162,232
155,233
147,232
138,228
133,219
147,220
154,220
161,219
176,217
161,219
154,221
147,220
