82,148
83,167
86,185
89,203
96,219
106,233
121,243
138,251
155,253
173,250
188,241
202,230
213,216
219,200
222,182
224,165
225,147
98,134
107,126
119,123
131,124
143,128
166,129
177,125
190,124
201,127
210,134
154,144
154,155
154,165
154,176
142,188
148,190
155,191
161,190
167,188
112,148
119,143
128,143
136,149
128,151
119,151
172,149
179,143
188,143
196,148
188,151
179,151
130,210
142,207
150,204
156,205
160,203
168,205
178,209
168,212
161,214
155,214
150,214
142,213
134,210
150,209
156,209
161,208
174,209
161,208
155,209
150,209
