69,106
66,131
67,156
73,181
83,204
97,223
111,239
127,252
144,256
161,253
177,241
192,226
207,210
219,190
227,169
231,146
232,124
86,83
100,75
116,75
132,79
146,87
184,91
196,85
209,84
222,85
229,94
162,114
161,132
160,151
159,169
137,178
146,180
156,183
165,182
173,180
99,108
110,103
123,106
133,117
121,117
108,115
185,121
195,112
207,111
217,117
208,122
196,123
116,204
130,201
144,199
152,202
162,200
171,203
181,207
170,220
160,226
150,228
141,226
128,220
121,205
143,205
152,207
161,206
176,208
161,215
152,216
143,215
