66,132
67,153
71,173
76,193
82,212
94,229
111,241
130,251
151,252
171,248
188,237
203,224
213,208
219,188
223,168
226,148
226,127
81,119
92,111
105,110
119,113
131,118
157,117
170,112
184,109
198,110
209,117
145,134
145,148
146,161
146,174
131,185
139,186
147,188
155,186
162,184
97,134
106,129
116,130
124,138
116,139
105,138
165,138
173,129
183,128
192,132
185,137
175,138
120,211
131,205
141,201
147,203
155,200
165,204
176,208
166,217
156,221
148,222
141,222
131,220
125,211
141,209
148,209
155,208
171,208
155,209
148,210
141,210
