85,147
88,166
92,185
96,203
102,220
113,234
126,245
141,254
158,257
174,253
189,243
202,231
212,216
217,199
220,180
223,160
224,141
97,139
106,130
119,129
132,131
144,136
162,135
175,130
187,128
200,128
210,135
155,152
155,164
156,176
157,188
145,198
151,199
157,200
163,199
168,197
113,154
120,149
130,150
137,157
129,160
119,159
172,157
179,149
188,148
196,152
189,157
180,158
134,217
143,214
151,212
157,214
163,212
170,213
180,215
171,222
164,226
157,228
151,227
143,224
137,218
151,218
157,219
163,218
176,216
163,218
157,219
151,219
