65,135
67,157
70,180
74,202
80,222
93,239
110,254
128,265
147,269
167,265
185,253
201,238
213,220
220,199
224,177
228,155
231,131
79,127
92,119
108,119
123,123
138,129
158,128
172,122
187,118
202,118
214,125
149,145
149,161
150,176
150,192
135,199
143,201
150,203
157,201
164,199
96,147
106,142
117,143
125,152
115,154
104,153
170,152
179,142
190,141
199,147
192,153
180,154
118,219
131,217
143,214
151,216
158,214
167,217
178,219
167,226
158,232
150,233
142,232
131,228
123,220
142,221
151,222
158,221
173,220
158,221
150,223
142,222
