77,135
79,155
83,175
88,194
95,213
108,228
123,241
139,252
156,255
174,251
191,239
206,225
217,210
224,191
227,171
230,152
232,132
94,125
104,118
116,117
128,118
140,122
170,122
182,117
194,115
207,116
217,123
156,138
156,153
156,167
156,181
142,191
149,192
156,194
164,192
170,190
110,140
118,135
127,135
135,142
126,144
117,143
176,141
183,134
193,133
201,137
194,141
184,142
131,215
141,211
150,209
157,210
163,208
172,210
183,213
173,221
164,226
157,226
150,226
141,222
135,215
150,215
157,216
163,215
179,214
164,215
157,216
150,215
