77,138
78,158
81,176
85,194
93,211
104,226
119,239
136,249
154,252
172,249
188,237
203,223
214,208
221,190
225,172
226,152
227,133
92,127
101,120
113,117
126,117
138,121
164,120
175,115
188,114
201,116
211,123
151,138
152,151
152,164
153,177
140,187
147,189
154,190
160,188
167,186
106,141
113,136
123,136
131,143
122,145
113,145
172,142
179,134
188,133
196,137
189,142
180,143
130,212
139,207
148,204
155,206
161,203
170,206
179,210
170,219
162,223
155,223
148,223
139,220
135,212
148,211
155,212
161,211
175,210
161,212
155,213
148,212
