82,130
82,152
86,173
89,194
97,214
109,230
126,243
145,252
167,255
187,252
205,241
218,226
228,210
234,191
237,172
239,153
237,133
101,106
113,98
128,99
141,104
154,110
183,111
194,105
206,101
219,102
228,109
169,129
169,143
170,157
170,171
154,182
162,183
170,186
177,184
183,182
118,129
127,125
137,127
146,134
136,136
126,135
189,135
198,128
208,127
217,131
210,137
199,137
137,206
150,201
161,198
169,199
176,198
185,201
195,206
185,216
176,219
168,219
161,219
149,215
142,206
161,206
169,207
176,206
190,207
176,206
169,206
161,206
