60,114
60,138
64,162
70,184
78,206
91,226
108,243
128,257
149,262
171,257
193,245
213,229
227,208
236,184
241,159
245,133
245,107
67,95
79,86
96,85
112,89
127,97
165,94
181,85
198,80
216,80
231,88
146,116
147,133
147,149
147,166
131,178
139,181
148,182
158,180
167,178
86,117
96,111
110,111
121,122
109,124
95,124
175,120
186,109
200,107
211,113
202,120
188,121
116,209
130,205
141,202
149,204
157,202
168,206
182,210
168,219
157,222
148,222
140,221
129,218
122,210
141,209
149,211
157,210
176,210
156,210
148,210
140,209
