66,135
69,158
74,180
79,202
88,222
102,240
119,253
137,264
156,266
175,261
192,248
206,232
218,215
226,196
229,176
231,156
230,135
80,123
93,116
109,116
124,120
138,127
166,125
179,119
194,115
208,114
222,118
152,143
152,159
152,175
152,191
137,200
144,202
153,204
161,202
169,199
96,142
107,137
119,138
129,147
118,149
105,148
174,146
184,137
196,136
207,140
198,146
185,147
125,225
137,223
146,219
154,221
161,218
170,221
180,223
171,231
163,236
155,238
146,237
137,234
130,226
146,226
154,227
162,225
176,224
162,225
154,227
146,226
