48,108
50,136
56,162
62,190
71,216
86,239
108,258
131,273
156,277
181,272
204,257
223,239
238,217
247,192
251,165
256,138
259,110
70,98
85,89
103,86
121,87
138,93
171,94
189,87
207,86
224,88
238,98
154,115
154,134
154,153
154,173
134,182
144,185
154,188
164,184
173,181
92,117
103,111
116,112
127,121
115,122
102,121
182,121
192,111
205,111
216,116
206,121
194,122
113,205
130,203
145,202
155,204
165,201
180,203
198,205
182,221
167,229
156,230
145,229
130,223
119,207
144,209
154,209
165,208
193,206
166,218
155,219
145,218
