64,145
64,165
65,185
69,204
78,221
91,236
104,251
119,265
135,271
153,271
172,261
189,247
206,231
218,213
224,190
228,166
229,143
70,135
79,127
94,127
107,130
121,137
151,137
164,129
179,125
196,124
210,132
135,155
136,170
135,185
135,200
119,205
127,208
136,211
146,208
155,207
84,152
94,148
105,149
114,158
103,159
92,157
163,158
172,149
184,147
194,151
185,158
173,159
102,215
116,220
128,221
137,223
146,222
160,222
177,219
160,236
145,243
136,243
126,241
114,233
107,218
128,227
137,229
146,228
173,222
145,233
136,233
127,232
