59,142
63,166
69,190
75,213
84,233
99,251
117,265
139,276
163,278
185,273
204,260
220,244
232,226
239,204
242,180
244,156
244,132
74,117
86,104
103,100
121,102
138,107
162,104
179,97
196,93
214,96
226,107
152,125
154,141
155,157
156,173
138,189
147,190
157,192
166,188
175,185
94,132
103,126
115,125
126,132
115,135
104,135
178,130
187,121
199,120
209,125
200,129
189,130
123,221
135,211
148,206
157,207
167,204
181,208
193,215
183,228
170,235
160,237
150,237
136,232
130,221
149,217
158,217
168,216
187,216
169,219
159,221
149,221
