69,126
71,147
74,167
78,187
85,206
95,222
110,236
127,247
149,250
170,248
188,239
204,226
216,211
223,194
227,174
232,154
235,133
86,104
97,93
111,88
126,90
139,97
166,97
180,91
195,90
209,97
217,109
153,119
153,133
152,148
151,162
136,174
143,176
151,176
159,176
167,176
104,124
113,119
123,120
131,127
122,128
111,128
175,128
184,122
193,122
201,127
194,130
184,130
122,202
134,194
145,189
152,191
159,189
169,195
180,203
169,213
159,218
151,219
143,218
133,213
127,202
145,200
152,201
159,200
174,203
159,203
151,203
144,203
