87,141
83,162
82,183
82,204
86,223
97,240
111,253
127,264
144,270
162,267
178,255
194,242
207,229
216,212
222,195
226,178
227,160
103,124
115,118
128,119
141,124
152,131
181,135
193,132
205,131
217,133
224,143
166,149
165,164
164,178
162,193
144,195
151,198
158,203
166,201
174,199
115,142
124,140
133,142
141,149
131,147
122,145
184,155
193,150
202,150
209,155
202,156
193,155
118,207
132,206
146,208
155,211
165,210
174,211
183,214
172,231
161,238
151,238
141,236
129,225
121,208
145,213
154,216
164,215
178,215
163,227
153,228
143,226
