74,136
75,157
78,177
82,197
87,217
97,233
113,245
131,253
151,256
171,253
189,245
204,233
215,217
219,198
223,178
227,157
229,137
88,115
99,106
112,106
126,108
138,114
164,113
178,108
191,105
205,107
214,116
152,136
152,151
152,166
152,181
137,191
144,193
152,195
159,194
167,192
103,138
111,133
121,134
129,142
120,143
110,142
175,143
182,134
192,133
200,138
194,143
183,144
124,215
136,211
146,208
151,210
157,209
167,211
177,215
167,221
158,224
152,224
145,223
136,221
128,215
146,215
152,215
158,215
173,215
157,215
151,215
145,215
