89,150
90,169
93,186
96,204
103,220
115,233
127,245
142,255
157,257
171,254
185,242
197,230
207,216
213,200
217,184
220,167
219,150
98,131
108,125
121,123
134,124
147,129
168,129
179,124
192,124
204,126
213,133
157,149
157,163
158,177
159,191
145,199
152,201
158,202
164,200
171,198
110,150
119,145
130,145
138,154
129,155
118,154
175,154
183,146
194,145
202,150
195,154
185,155
133,217
143,214
151,212
158,214
165,212
172,213
179,216
172,225
165,229
158,229
150,229
142,225
137,217
151,218
158,219
165,218
175,217
165,219
158,219
151,219
