62,145
63,166
67,187
72,207
80,226
93,241
110,253
127,265
146,269
165,266
183,256
200,244
213,229
222,212
226,192
229,173
230,152
76,130
88,122
103,120
118,122
133,128
164,131
178,126
193,125
208,127
220,136
149,146
148,160
149,173
149,187
132,198
140,200
148,202
156,200
164,198
95,146
104,141
115,141
124,149
114,150
103,150
172,152
182,145
193,145
202,151
193,154
182,154
119,223
131,217
142,212
148,214
155,213
165,218
176,224
165,231
155,235
148,235
141,235
130,231
124,223
141,223
148,223
155,223
171,223
155,223
148,224
141,223
