53,135
53,161
55,185
60,209
69,232
84,252
105,267
129,279
156,282
183,277
207,264
228,249
244,229
253,206
258,181
262,156
264,130
76,115
90,104
107,103
124,106
141,112
169,109
188,102
206,98
226,99
240,110
157,131
156,148
156,164
156,181
138,195
147,198
156,200
166,198
176,194
92,134
104,127
119,127
132,138
119,141
103,141
182,136
195,123
210,122
222,129
212,137
196,138
119,225
134,219
147,214
156,217
164,214
178,218
194,222
178,234
166,239
156,240
146,240
133,236
124,225
147,225
156,226
165,225
188,224
165,225
156,226
147,225
