75,128
77,148
82,167
87,185
95,203
106,219
118,234
131,248
147,253
166,250
186,238
205,222
221,204
232,183
237,161
241,138
242,114
76,116
82,106
95,103
108,105
120,111
147,110
162,103
179,99
196,101
211,109
134,129
134,143
132,157
131,171
124,182
129,184
135,185
143,183
150,182
92,129
100,124
110,124
119,132
109,134
99,133
161,131
169,122
180,122
191,126
182,130
171,132
119,205
125,200
132,197
138,200
145,197
156,201
169,205
157,215
146,220
139,220
132,219
125,214
123,206
132,206
138,207
146,206
164,206
145,208
138,208
132,207
