59,135
60,157
63,180
69,202
78,223
92,240
110,255
131,265
151,268
170,264
184,251
197,235
207,218
213,200
219,181
223,162
223,143
89,117
103,110
118,108
134,110
147,117
180,119
190,114
202,112
213,114
221,122
163,137
164,153
165,168
166,184
146,195
154,197
162,200
168,198
174,195
105,136
115,130
127,131
136,142
125,143
113,141
179,144
188,133
199,132
207,139
200,144
189,145
125,222
141,217
153,214
160,216
167,213
175,217
182,222
174,232
167,236
159,237
152,236
140,232
131,222
153,222
160,223
166,222
177,223
166,223
160,223
153,223
