69,136
68,158
69,180
72,202
78,223
90,241
108,255
131,263
155,267
179,264
201,255
220,241
233,221
239,198
243,175
246,152
246,129
90,106
100,97
113,95
127,96
139,100
170,97
183,91
198,88
213,91
225,99
155,122
156,136
156,150
156,164
140,180
148,182
157,183
165,181
173,178
101,128
111,123
121,123
132,129
122,130
111,131
181,127
191,120
201,119
211,124
202,127
192,128
130,210
141,201
151,195
157,197
164,195
174,200
186,209
174,216
165,219
157,219
151,219
141,217
134,210
151,207
157,207
164,206
182,209
164,208
157,208
151,208
