68,133
69,155
72,177
75,198
80,217
91,233
106,247
122,258
141,262
160,260
177,250
194,238
207,223
215,204
219,183
225,161
228,138
82,124
94,116
109,114
124,118
137,124
160,123
174,119
188,117
202,120
213,129
147,140
146,155
145,171
144,186
130,195
137,197
144,199
152,197
160,196
97,141
107,138
117,139
126,146
116,147
106,146
169,147
179,140
189,140
197,144
189,149
179,149
117,218
129,215
138,213
145,216
153,214
163,217
173,221
162,229
152,232
144,233
136,231
127,227
122,219
137,220
145,222
153,221
168,221
153,220
145,221
137,220
