73,124
74,145
77,166
82,187
88,207
99,224
114,239
131,251
151,254
172,250
190,238
206,224
219,207
227,187
231,165
235,144
236,122
88,113
98,105
111,104
123,107
134,112
168,110
181,105
194,102
207,101
218,108
152,130
152,145
152,160
152,175
135,183
143,185
152,187
161,185
169,182
103,131
113,127
123,127
131,135
122,136
112,136
174,134
183,126
193,124
201,128
194,133
184,135
121,205
133,201
144,199
152,201
160,198
171,200
183,203
172,212
161,217
152,218
143,217
133,213
125,206
144,206
152,207
161,206
178,204
161,206
152,207
144,207
