78,151
80,172
83,192
89,212
99,229
111,244
125,257
140,266
155,269
170,265
186,255
200,241
211,225
219,206
223,186
226,165
226,143
92,138
101,131
113,130
125,131
137,136
164,135
176,129
189,125
202,126
213,133
149,154
149,168
149,183
149,197
137,207
144,208
151,209
158,207
165,205
104,155
112,152
121,152
129,158
120,160
111,159
172,156
179,149
189,148
197,151
190,156
180,157
130,232
138,228
146,224
152,226
158,223
166,226
176,229
167,239
160,243
153,244
146,244
138,241
134,232
146,231
152,232
158,231
171,230
159,231
153,232
146,232
