33,83
32,113
36,144
44,173
60,199
81,221
103,243
125,262
151,267
176,261
198,241
219,218
240,195
254,169
261,140
265,110
265,80
54,61
71,49
93,45
115,48
136,55
170,54
189,46
210,43
230,45
247,55
150,79
149,106
148,131
147,158
125,165
135,169
148,173
161,169
173,165
76,78
90,71
105,72
119,84
104,84
88,83
183,82
195,70
211,69
226,74
213,81
197,82
105,192
122,191
138,188
149,192
159,189
176,191
193,190
176,208
160,217
149,219
137,218
121,209
112,194
138,200
149,202
160,199
187,193
160,201
149,203
137,201
