64,152
67,174
73,195
79,217
87,237
99,255
115,271
134,284
157,288
179,284
200,272
217,256
228,237
234,215
237,192
239,170
240,148
78,137
90,128
105,125
121,126
137,131
163,131
178,125
194,122
210,122
223,130
151,149
152,163
152,177
153,192
137,204
145,207
154,209
163,206
170,203
98,154
108,148
119,148
128,156
118,159
107,158
175,154
184,145
195,144
205,149
197,155
186,155
124,230
135,224
145,221
153,223
161,221
172,225
184,229
172,240
161,244
153,245
145,244
135,240
128,231
145,231
153,232
161,231
180,230
161,232
153,233
145,232
