71,129
73,151
77,174
81,196
89,217
102,235
118,250
136,263
157,265
176,262
193,250
208,235
220,218
227,196
232,174
236,153
239,131
89,116
100,107
115,105
130,108
144,114
178,115
193,109
207,107
221,109
230,119
162,137
162,152
162,168
163,183
148,193
155,195
161,197
168,195
173,193
107,138
116,132
128,133
137,142
127,144
115,144
183,142
192,133
203,132
212,139
205,144
193,145
133,221
145,214
155,211
161,213
169,211
177,214
185,220
177,228
169,232
160,233
153,232
143,229
138,221
154,219
161,220
169,219
180,221
168,220
161,220
154,220
