82,136
80,154
80,173
80,193
85,210
93,225
105,239
118,252
137,257
158,255
178,246
195,232
210,216
219,197
223,176
225,154
226,133
86,111
93,105
103,104
113,105
122,109
157,108
170,102
184,101
198,104
209,112
139,130
138,144
137,157
135,171
122,178
129,181
137,184
146,182
154,180
96,131
104,126
114,127
122,135
113,136
103,135
162,136
171,128
182,127
191,133
183,137
172,137
102,197
116,194
129,193
139,195
149,193
164,195
181,198
164,217
149,224
137,224
127,223
114,215
107,199
128,200
138,201
149,201
175,199
149,213
138,214
128,212
