58,138
62,164
68,190
75,215
86,238
101,259
117,277
136,290
156,294
174,289
193,274
210,256
225,236
234,213
240,188
245,162
247,137
78,134
93,126
110,127
127,132
142,140
169,139
184,131
199,125
216,124
229,132
156,158
156,177
156,196
156,214
140,220
147,223
155,226
163,223
171,220
99,156
109,150
122,152
130,162
119,164
107,163
180,162
188,152
200,151
210,155
202,162
191,164
127,245
138,239
148,237
156,239
164,237
174,239
184,244
175,255
165,263
155,264
147,263
137,257
132,246
147,245
156,246
165,245
178,245
164,247
155,249
147,248
