53,124
53,142
56,161
61,180
68,198
79,214
89,229
100,243
116,247
135,246
155,238
173,225
190,209
201,189
207,166
210,142
210,118
53,103
59,95
69,94
80,97
90,101
116,100
130,93
147,90
164,93
178,101
102,121
101,137
100,152
98,168
90,177
97,180
104,182
112,180
121,178
64,121
71,115
82,116
90,125
80,127
70,126
131,123
141,114
152,113
163,119
154,124
142,125
87,199
94,196
100,194
107,196
114,193
127,196
142,200
129,210
117,215
108,216
101,214
94,209
91,201
101,202
107,203
115,202
137,200
115,203
107,204
101,203
