68,135
71,156
75,177
79,197
86,216
98,233
115,245
134,254
154,255
174,251
192,242
207,230
218,215
223,195
225,175
228,154
228,133
84,120
95,112
109,110
123,111
136,117
162,117
174,111
188,109
202,110
214,118
149,136
150,148
150,160
150,172
138,185
144,186
151,187
157,186
164,184
100,138
109,134
118,134
127,141
118,142
108,142
172,140
180,134
190,133
198,137
191,141
181,141
126,213
135,206
145,202
151,204
157,202
166,205
178,212
168,219
158,222
152,222
145,222
136,220
130,213
145,211
151,212
157,211
173,212
157,210
152,211
145,210
