54,115
58,141
63,166
68,190
76,212
90,230
107,245
125,259
145,264
165,261
183,247
200,231
214,211
223,189
229,164
235,138
238,110
67,113
81,106
96,106
111,108
126,114
159,115
175,108
191,104
207,105
221,111
143,139
143,158
143,176
143,195
127,200
135,203
143,206
152,203
160,200
86,136
97,131
110,132
120,143
108,146
95,145
168,143
177,133
190,131
201,136
192,144
179,146
112,223
125,224
136,222
143,224
150,222
161,224
173,224
161,234
150,239
143,240
135,239
125,233
118,224
136,228
143,229
150,228
167,226
150,228
143,229
136,228
