47,102
47,132
51,164
59,192
73,217
93,237
115,251
143,260
172,259
197,251
216,235
233,215
247,193
255,166
256,137
254,109
249,81
68,65
83,51
103,47
125,49
145,57
189,56
203,47
219,42
234,41
244,50
168,84
171,104
173,124
176,144
148,161
161,162
175,164
186,160
197,156
91,88
106,83
120,82
134,90
121,92
105,92
195,85
206,76
219,74
231,78
221,83
208,85
135,203
150,188
166,178
177,180
187,176
199,182
209,193
199,201
188,207
177,210
166,211
150,210
142,201
166,192
176,192
187,190
203,193
187,189
176,191
166,192
