88,139
89,156
92,174
94,192
100,209
111,223
125,236
141,245
158,248
174,245
188,235
200,222
209,207
214,190
218,172
221,155
222,137
100,126
109,118
122,117
134,119
146,125
169,124
180,118
192,115
205,118
213,126
157,141
157,154
158,167
158,180
144,189
151,191
157,192
163,191
170,189
113,143
121,138
130,139
138,146
129,148
120,147
175,146
182,138
192,137
200,142
193,147
183,147
131,207
143,206
152,204
157,206
163,204
171,206
181,208
171,216
163,220
157,221
151,220
142,217
135,209
151,211
157,212
163,211
177,209
163,211
157,212
151,211
