77,137
80,158
84,178
89,197
97,215
109,231
124,244
141,254
160,256
178,251
194,239
207,225
217,209
222,190
226,171
228,153
228,133
93,122
104,114
117,112
130,114
143,118
171,118
181,112
192,110
204,110
214,116
156,134
157,148
157,161
157,174
142,185
150,186
157,188
164,186
172,184
109,137
118,133
127,133
135,140
126,140
117,140
177,138
184,132
193,130
202,134
195,137
186,138
127,210
138,205
149,202
158,203
166,201
176,203
187,208
177,220
167,226
158,227
149,226
138,221
131,211
149,208
158,209
166,208
183,209
166,215
158,216
150,215
