65,127
67,150
73,173
80,197
90,219
104,238
119,257
136,272
156,277
177,271
194,256
209,237
222,216
229,193
234,169
236,144
237,119
75,111
86,104
100,103
114,106
127,113
164,111
177,104
191,101
206,101
219,107
146,135
147,154
147,172
148,190
133,196
140,200
149,203
158,199
166,195
92,135
102,128
114,129
124,139
113,141
101,140
172,139
181,129
193,127
203,133
195,138
183,139
118,215
131,211
142,209
151,212
160,209
173,210
187,212
175,230
162,239
152,240
142,239
130,231
123,217
142,218
151,219
160,218
182,214
161,226
152,228
142,227
