73,133
73,154
75,174
78,193
85,212
97,228
113,240
130,251
149,254
168,251
187,241
203,229
215,214
222,195
225,176
227,156
228,136
88,118
98,109
112,108
125,110
137,116
163,116
176,111
190,109
203,111
214,120
149,135
149,149
149,163
148,177
134,188
141,189
148,190
156,189
163,189
100,136
109,131
119,132
127,140
118,140
108,140
172,140
180,133
190,133
198,137
191,141
181,141
125,213
134,208
143,205
148,207
155,205
164,209
174,214
164,221
155,224
148,224
142,223
134,220
129,213
142,212
148,213
155,213
170,214
155,213
148,213
142,212
