60,124
63,147
67,170
70,194
77,216
90,236
108,252
128,266
150,269
173,264
195,251
213,233
227,213
235,189
240,165
244,141
246,116
75,102
87,94
102,92
117,94
132,100
162,98
178,90
194,87
210,89
224,97
147,119
147,135
147,151
147,167
132,181
140,184
148,186
156,184
164,181
92,124
102,119
114,119
123,126
113,128
101,129
174,124
183,116
195,115
206,120
197,125
185,126
118,212
129,205
140,201
148,204
156,201
168,205
181,210
168,221
156,226
148,227
139,225
129,221
124,212
140,212
148,212
157,212
175,212
156,212
148,213
140,212
