75,128
76,149
78,171
81,192
86,214
97,232
113,246
133,256
154,261
175,259
195,250
213,238
225,221
232,200
237,179
241,157
243,136
93,108
103,100
117,98
131,102
143,108
176,108
189,103
202,100
216,104
226,113
159,128
159,142
158,156
157,170
142,181
149,183
157,185
164,184
172,183
108,127
117,122
127,123
135,132
126,132
116,131
183,134
191,127
202,127
210,133
202,136
192,136
126,206
137,198
149,195
156,197
165,196
176,200
186,209
175,219
164,224
155,224
146,222
135,216
131,206
148,203
156,204
164,204
181,209
164,213
156,213
147,211
