65,149
67,171
71,192
75,213
81,232
94,250
109,265
126,277
145,280
164,276
181,264
196,250
208,233
215,215
219,194
224,173
228,152
75,137
85,127
99,124
114,125
128,130
163,131
178,125
194,123
208,127
217,139
146,151
146,167
145,183
145,199
129,208
137,210
144,212
152,210
159,209
92,154
101,146
114,147
123,157
113,160
100,160
170,158
179,147
192,147
201,154
193,161
180,161
115,236
126,232
136,228
144,230
151,228
161,232
171,236
161,246
151,251
143,251
135,251
125,246
119,237
136,237
144,238
151,238
166,237
151,237
143,238
136,237
