74,130
75,151
78,170
81,190
87,208
98,225
112,240
130,251
151,254
171,250
188,239
202,224
213,207
220,189
223,170
225,151
226,132
86,123
98,115
112,115
126,118
139,123
160,123
174,118
187,115
202,116
212,124
150,137
150,150
150,163
150,176
135,184
142,186
150,188
157,186
165,184
102,138
111,134
120,135
128,141
120,142
110,141
171,141
179,135
189,135
197,138
190,142
180,142
122,206
133,202
143,199
150,202
157,199
167,202
177,206
167,214
157,218
149,219
142,218
133,215
127,207
143,208
150,209
157,208
172,207
157,208
149,209
143,208
