67,102
69,129
73,156
80,181
91,204
106,224
122,244
141,258
162,263
183,257
199,240
215,223
230,204
240,183
247,160
253,136
255,112
87,90
101,81
118,79
135,84
151,93
192,93
206,86
221,83
237,84
248,93
170,116
170,135
170,153
170,171
148,176
158,180
168,184
178,180
188,177
107,116
118,110
131,112
142,121
129,122
116,121
194,122
205,113
217,112
228,118
219,122
206,123
124,194
141,193
157,192
168,195
178,193
190,194
204,196
190,215
177,224
165,226
154,224
138,215
129,197
156,199
167,201
178,200
198,198
177,210
166,212
155,210
