74,135
77,155
83,175
89,193
99,210
111,226
125,239
141,248
156,249
169,245
180,235
190,221
200,206
209,191
214,174
216,155
214,137
90,123
102,117
117,114
132,116
145,122
173,120
183,113
194,110
205,110
213,114
159,141
160,157
161,173
162,189
147,196
154,197
161,199
168,197
173,194
106,143
116,138
127,138
137,145
127,148
115,148
176,143
184,134
194,133
203,136
196,142
186,144
131,215
142,212
153,209
160,211
166,208
174,209
182,211
174,221
167,227
160,229
152,229
142,225
135,215
153,216
160,216
167,215
178,213
167,216
160,218
153,217
