69,128
71,150
76,172
81,194
88,214
99,232
115,247
134,259
154,263
173,259
192,248
208,233
220,215
227,194
231,171
236,149
237,127
89,114
100,105
114,103
128,108
141,115
167,113
179,106
193,102
208,103
219,111
155,132
155,148
155,163
155,179
141,188
148,191
155,192
163,190
170,188
105,134
114,129
124,130
133,138
124,139
113,138
177,137
185,129
195,128
204,132
196,136
187,137
128,212
139,208
149,204
155,206
162,205
171,208
182,213
171,220
162,224
155,225
148,224
138,220
132,213
149,213
155,214
162,213
178,213
162,213
155,214
148,213
