79,135
79,154
82,174
85,193
93,210
105,225
119,238
136,249
155,253
174,250
191,239
206,226
219,211
225,193
227,173
229,153
229,133
95,122
105,116
118,115
130,117
141,122
166,123
178,118
190,115
203,115
214,122
153,138
154,151
154,164
154,177
140,186
147,187
155,189
162,187
169,186
108,138
117,135
126,136
133,142
125,142
116,141
175,142
182,136
191,135
199,139
192,142
183,143
126,208
136,202
147,199
154,201
162,199
172,203
182,209
173,221
163,226
154,227
146,226
135,220
131,209
146,209
154,210
162,209
177,210
162,212
155,212
146,212
