80,132
80,151
82,170
85,188
92,205
103,219
118,230
133,240
149,244
165,241
182,233
197,222
208,208
216,191
221,172
226,153
228,134
95,117
105,111
118,112
129,116
140,123
167,123
178,118
190,114
203,114
214,120
153,140
152,153
151,166
151,179
137,186
144,189
150,191
157,189
164,188
109,136
117,132
127,133
135,142
126,143
116,142
172,144
180,135
189,134
198,139
191,144
181,145
125,205
136,204
145,202
150,204
155,203
164,205
177,206
165,213
156,216
150,216
144,216
136,212
130,206
145,207
150,208
155,207
172,207
155,208
150,208
145,208
