49,107
48,136
52,164
61,191
73,219
87,244
103,268
122,286
146,292
172,289
195,273
214,251
232,226
246,198
257,168
264,138
266,106
55,77
70,68
90,68
110,72
129,79
162,77
184,69
209,65
233,67
251,78
145,104
144,127
142,150
141,173
121,189
132,191
143,194
156,191
169,189
71,105
84,101
99,101
112,110
98,111
83,111
183,109
198,100
213,99
228,103
214,110
198,111
104,227
119,222
133,217
144,221
155,217
172,224
190,228
172,243
155,249
144,249
132,247
118,241
111,228
133,227
144,229
155,228
182,229
155,228
144,229
133,228
