56,138
58,163
63,189
69,214
78,237
93,257
110,275
129,289
151,293
173,289
193,275
212,258
227,238
237,215
242,190
247,166
250,141
73,131
86,122
103,120
119,123
134,131
172,131
187,124
203,122
219,125
232,134
152,155
152,173
153,191
153,209
136,217
144,220
153,222
161,220
169,218
94,153
104,147
118,148
127,159
116,161
103,159
177,159
186,149
199,148
210,154
201,160
188,161
120,239
134,235
145,233
153,235
162,233
172,236
183,240
172,250
161,256
152,257
143,256
132,250
126,240
144,241
153,242
162,241
178,241
161,242
152,243
143,241
