82,147
84,164
87,182
91,199
99,214
110,228
122,241
136,252
150,255
164,252
178,242
189,229
199,214
207,199
211,182
213,164
215,146
91,143
102,137
114,137
126,140
137,145
160,145
171,139
183,137
195,136
206,142
149,159
149,172
149,185
149,197
138,203
143,204
149,206
155,205
160,203
107,157
115,153
124,154
131,162
123,163
114,162
167,162
174,154
183,153
191,157
184,162
175,163
124,215
135,216
144,216
149,218
155,216
164,216
175,215
164,226
156,230
150,231
144,230
135,225
128,217
144,222
149,222
155,222
171,217
155,221
149,222
144,221
