74,132
77,153
80,175
85,196
93,215
106,231
123,245
143,255
163,258
183,254
201,243
217,229
229,212
236,192
240,171
243,150
244,130
94,113
105,104
120,101
134,103
148,108
177,107
190,101
204,100
217,102
227,111
162,128
163,142
163,156
163,170
148,183
155,185
163,186
170,184
178,182
112,131
122,126
133,127
142,134
132,135
121,135
182,133
192,126
202,125
211,130
203,133
193,134
134,211
146,206
156,202
163,204
170,202
181,205
192,210
181,219
171,224
163,225
156,224
145,220
139,212
156,211
163,212
170,211
187,211
170,211
163,212
156,211
