85,145
85,164
87,183
91,202
98,219
110,234
124,247
140,258
158,261
176,257
194,246
211,233
223,216
231,198
235,177
236,157
236,137
91,121
97,110
108,105
120,106
131,110
164,108
178,102
192,100
207,104
217,114
149,129
149,143
149,156
149,169
136,181
144,182
152,183
160,181
168,180
104,138
112,133
120,132
128,137
121,138
112,138
175,135
183,129
192,128
200,131
192,133
184,134
123,206
133,199
144,195
153,196
162,194
175,197
189,202
177,217
165,222
154,224
145,223
134,218
128,206
145,201
153,201
163,200
185,203
164,212
154,213
145,213
