74,149
75,169
78,188
82,208
89,226
101,240
118,250
137,257
158,260
179,257
198,249
215,237
225,222
230,202
232,182
235,162
235,143
92,127
102,117
117,114
131,116
145,122
163,119
178,113
195,110
211,111
223,121
156,138
156,150
156,161
157,174
140,184
148,187
157,189
165,187
173,185
105,140
115,136
125,136
134,143
124,145
114,144
178,142
186,134
196,133
206,137
198,142
187,143
132,213
140,206
149,201
156,204
163,201
173,206
184,213
174,219
165,222
157,223
149,222
141,219
136,213
149,211
157,212
164,211
179,212
164,211
157,212
149,211
