68,130
70,154
74,175
78,197
86,217
99,233
115,247
133,259
151,263
169,260
186,248
202,235
215,217
222,197
226,175
230,153
231,129
81,118
90,109
104,106
118,110
130,117
167,117
179,109
193,106
208,109
217,119
149,138
149,154
148,170
148,186
132,196
140,198
148,200
156,199
164,197
95,139
104,134
115,135
125,144
114,146
103,145
173,145
182,136
193,135
202,140
194,146
183,147
116,219
129,217
140,215
148,218
157,215
169,218
182,220
170,232
158,236
149,236
140,235
129,231
121,220
140,223
149,224
157,224
178,221
158,223
149,224
141,223
