78,144
80,169
83,192
87,215
96,236
112,251
130,262
150,271
167,272
184,267
200,256
216,244
229,228
236,208
240,187
242,165
242,143
97,123
109,117
121,116
134,119
145,125
184,125
195,119
208,117
220,119
229,125
165,150
165,165
165,180
165,195
151,205
158,207
165,208
172,207
179,205
113,150
122,146
133,147
141,155
131,157
121,155
186,153
194,146
204,145
213,148
206,154
195,155
140,235
150,227
159,222
166,224
173,222
181,226
191,232
183,239
175,242
168,243
160,243
150,241
145,234
159,231
167,231
173,230
186,232
174,231
167,232
160,231
