79,130
79,149
80,168
82,187
87,205
98,221
112,234
129,247
149,252
169,250
187,240
203,226
215,210
223,192
226,172
228,153
228,134
95,114
105,109
117,108
130,111
141,117
162,117
174,111
188,109
201,112
212,120
151,132
151,145
150,158
149,172
136,182
142,184
149,187
156,185
164,183
108,132
116,128
125,129
132,136
123,137
114,136
173,137
180,131
190,130
198,135
190,139
181,139
122,203
133,203
143,200
150,203
156,201
165,203
178,205
165,214
156,217
149,217
142,216
133,212
126,204
143,207
149,208
156,208
173,206
156,207
150,208
143,207
