86,152
86,172
88,191
93,209
101,227
113,243
127,258
143,269
162,272
180,267
196,254
210,239
222,223
229,204
233,185
234,165
235,146
102,139
111,131
123,130
135,132
146,137
171,136
182,130
194,128
207,128
218,134
159,152
160,165
161,179
162,193
145,200
153,202
161,204
170,202
178,199
115,150
124,145
134,146
142,154
133,154
123,153
178,154
186,145
196,144
205,148
197,152
188,153
127,218
140,215
152,214
162,215
170,213
183,213
194,215
183,231
172,238
162,240
152,239
139,233
131,219
152,219
161,219
171,218
191,216
171,229
162,231
152,230
