88,144
88,163
90,183
92,203
98,222
110,237
126,250
145,260
165,263
184,260
202,251
218,239
231,224
237,206
240,186
241,167
241,147
103,127
112,119
126,116
139,119
151,125
171,124
185,120
198,119
212,122
222,130
163,142
162,155
162,168
162,181
148,191
155,193
162,195
169,194
175,193
120,142
128,138
137,140
144,146
136,146
127,145
180,147
188,142
196,142
204,145
197,148
188,148
136,215
146,212
155,210
161,212
167,210
177,214
187,217
177,227
168,230
161,230
154,230
145,225
140,216
155,218
161,219
167,218
183,217
167,219
161,219
155,218
