80,136
82,156
86,175
91,193
98,210
108,227
121,242
135,254
150,257
165,254
181,243
195,228
207,212
215,194
219,175
223,154
224,134
87,115
96,108
108,106
121,106
133,110
165,108
178,103
191,102
204,104
213,111
149,130
149,146
148,160
148,175
136,188
143,189
149,191
156,189
163,187
99,135
107,129
119,129
128,138
118,140
107,140
172,137
181,128
192,128
200,134
193,139
181,139
124,214
133,208
142,204
148,206
155,204
166,208
176,213
166,225
156,229
149,230
142,229
133,224
129,214
142,214
149,215
156,214
171,214
155,216
149,216
142,216
