88,138
87,158
89,179
92,198
99,218
110,234
125,249
143,261
162,265
181,261
199,250
214,235
227,218
235,198
239,178
241,158
242,137
102,123
112,116
125,117
137,121
148,127
178,125
189,119
202,115
215,114
225,121
164,144
164,158
164,172
165,187
149,193
156,196
164,198
172,196
179,194
116,144
125,139
135,140
144,149
133,149
123,148
183,149
191,139
202,138
210,143
203,148
193,149
129,210
143,208
156,207
163,209
171,208
183,209
197,211
184,226
171,233
162,234
154,233
141,226
134,211
155,213
163,214
171,213
192,212
171,223
163,224
155,223
