84,144
84,162
86,181
90,198
96,214
107,229
120,242
135,253
151,256
168,253
184,243
198,230
209,216
217,200
221,182
223,164
223,146
98,130
107,123
119,120
131,122
142,127
162,127
174,123
187,122
200,124
209,132
153,142
152,155
152,167
152,180
139,190
145,192
151,193
158,192
164,191
110,142
118,138
127,138
135,146
127,147
117,146
171,146
180,139
189,139
197,144
190,148
181,148
127,213
136,209
145,206
151,208
157,206
167,210
176,213
167,223
158,228
151,229
144,228
136,223
130,213
145,216
151,216
157,216
172,214
157,216
151,217
145,216
