77,129
79,150
83,169
87,188
94,206
104,222
119,235
136,245
153,248
171,244
188,234
203,222
214,206
220,188
223,168
226,148
228,128
89,119
99,112
113,111
127,113
140,119
169,119
181,114
193,111
206,113
216,121
153,135
154,149
154,163
154,178
140,186
147,187
154,189
161,187
168,185
105,135
114,131
124,132
132,140
123,140
113,139
175,140
182,132
192,130
201,135
193,139
184,140
129,205
139,203
148,201
155,202
162,200
171,201
181,203
172,213
163,218
156,220
148,219
139,215
133,206
148,207
155,208
162,207
177,204
162,208
156,209
148,208
