70,120
72,141
75,162
79,182
85,201
96,218
111,232
128,244
147,248
166,244
183,234
199,221
211,206
218,186
222,166
225,145
226,123
84,109
96,102
109,101
122,103
134,109
161,108
173,101
187,99
200,101
210,108
148,128
148,142
148,155
148,168
133,179
140,181
147,182
155,181
161,179
99,130
108,126
118,126
127,134
117,135
107,135
168,133
177,126
187,125
196,130
188,134
178,135
121,203
131,197
140,194
146,196
153,195
162,198
173,204
163,212
154,215
146,216
139,215
131,210
126,203
140,203
146,204
153,204
168,204
153,203
146,204
140,203
