65,140
67,168
72,195
79,220
90,241
105,261
121,278
139,291
156,295
174,291
190,277
204,262
218,247
230,230
239,211
245,189
247,167
78,135
94,127
113,128
132,133
149,142
183,145
198,140
214,138
229,138
242,146
166,166
165,187
164,207
163,227
141,228
151,232
161,237
171,234
181,229
99,158
111,153
125,155
135,168
123,168
108,165
192,171
203,161
216,160
227,167
217,172
204,173
122,239
138,244
151,245
159,248
167,245
178,245
191,242
178,256
168,263
159,264
150,263
137,255
126,241
151,251
159,253
167,251
186,245
168,251
159,253
150,252
