80,138
82,159
86,179
91,199
97,218
108,235
125,249
142,259
163,262
183,258
200,248
216,234
227,217
233,197
237,176
241,155
243,133
91,123
101,112
115,108
131,109
146,113
172,112
187,106
203,104
218,109
229,120
160,133
161,148
161,162
161,177
146,189
153,191
161,192
169,190
176,188
108,137
117,131
128,131
137,139
128,141
117,141
184,138
193,129
204,129
213,134
205,139
194,140
133,217
145,211
155,207
162,208
168,206
179,210
190,216
180,222
170,225
162,226
155,226
145,223
137,217
155,216
162,216
169,215
186,215
169,215
162,216
155,216
