61,141
62,164
67,187
72,209
79,231
90,251
105,268
124,280
145,283
166,280
187,270
203,255
216,237
226,216
232,194
237,172
241,149
75,115
84,104
98,100
113,102
126,109
163,109
178,102
194,101
210,106
222,116
143,134
143,153
142,170
141,188
125,198
133,201
141,205
150,202
159,198
92,139
100,133
111,134
120,141
110,142
99,142
171,141
181,135
191,135
201,141
191,143
181,143
110,224
121,219
132,217
141,220
150,218
163,220
176,225
164,238
151,243
141,244
132,243
121,237
116,226
132,228
141,228
151,228
170,227
151,231
142,232
132,230
