70,137
72,157
75,176
79,194
85,212
95,227
108,241
124,252
141,256
158,252
174,241
189,228
199,213
205,197
209,179
213,161
215,142
82,131
94,126
107,126
119,129
131,134
154,134
166,129
179,126
192,126
203,133
142,149
142,162
142,175
141,188
130,195
135,197
142,199
148,197
153,194
97,149
105,144
116,145
123,154
114,155
104,154
162,154
170,146
180,145
188,150
181,155
171,156
113,212
125,211
135,210
142,211
148,210
157,210
169,211
158,224
149,229
142,230
135,230
125,225
117,214
135,217
142,217
148,216
165,212
148,218
142,219
135,219
