76,131
77,150
79,168
82,187
88,204
100,218
116,229
132,238
151,241
169,238
185,229
201,218
213,205
219,187
221,168
223,150
224,130
86,115
97,107
110,106
123,107
136,113
160,113
173,109
187,108
200,110
210,117
149,131
149,143
149,156
149,168
136,177
142,179
149,181
156,179
162,177
102,131
110,126
120,127
129,135
119,136
109,135
168,135
176,128
186,128
195,132
187,136
177,137
123,199
133,194
143,191
149,193
156,191
165,194
175,199
166,205
156,208
149,208
142,208
133,206
127,199
143,199
149,199
156,199
171,199
156,198
149,198
143,198
