64,145
66,168
69,192
75,216
85,237
99,255
113,270
128,283
148,287
168,283
188,272
208,258
223,240
233,221
237,198
237,174
239,149
75,132
85,124
102,123
118,129
131,137
162,136
177,129
193,126
209,128
221,138
147,153
146,171
145,188
145,205
127,210
136,214
145,217
154,215
164,212
93,149
103,145
114,147
126,156
113,156
101,154
169,157
180,149
192,148
203,153
193,158
180,158
107,228
123,230
136,230
145,233
154,230
168,231
181,230
168,250
154,258
144,259
135,257
121,249
112,230
136,234
145,236
154,235
176,232
154,245
145,247
136,245
