66,127
67,148
70,167
74,186
80,205
89,221
103,233
121,242
140,246
159,243
176,234
190,221
200,205
206,186
209,166
213,145
215,124
81,117
91,110
103,109
115,112
126,117
153,117
165,112
177,109
190,109
201,115
139,132
139,149
138,164
138,180
125,185
132,187
139,190
147,187
154,184
95,132
103,128
112,129
119,136
111,137
102,136
162,135
169,128
178,127
186,131
179,135
170,135
114,201
124,201
134,199
141,201
148,199
158,199
169,199
159,208
149,212
141,213
134,213
124,209
117,202
134,205
141,206
148,204
165,200
149,204
141,206
134,205
