61,125
62,150
66,174
70,198
78,222
91,243
105,264
122,281
144,288
167,287
192,276
214,261
233,242
246,218
252,191
256,164
258,135
69,105
81,97
98,97
113,102
127,110
162,110
178,103
195,101
213,102
231,109
143,133
142,153
140,173
139,192
124,200
132,205
140,208
150,205
159,203
85,130
96,125
109,126
120,137
107,138
93,137
175,139
187,130
200,130
213,135
202,141
188,142
108,223
120,223
131,221
141,224
151,222
166,225
183,229
167,243
152,247
141,247
131,245
120,238
113,226
131,231
141,233
151,233
178,231
152,233
141,234
131,231
