50,130
51,156
54,182
61,208
71,233
89,253
112,269
135,282
158,286
179,282
199,268
219,254
236,237
248,216
254,193
256,169
254,145
75,114
92,108
110,108
127,112
142,119
180,120
193,113
207,110
222,108
236,113
160,143
160,161
160,178
160,195
141,208
150,210
159,212
167,209
176,208
95,139
107,134
121,136
131,148
118,149
105,147
188,149
198,138
211,137
223,142
214,149
200,151
121,234
138,231
152,227
159,230
168,227
180,231
194,234
180,246
169,251
160,252
151,251
138,246
128,236
151,237
159,237
168,237
188,236
168,238
160,238
152,237
