59,136
58,161
59,187
61,212
67,237
79,259
97,277
118,292
142,300
168,299
194,288
217,275
235,257
247,234
255,210
261,186
266,160
76,109
89,98
107,96
125,100
140,110
180,113
199,107
219,106
237,114
248,129
157,135
155,149
154,163
151,178
132,194
140,197
149,199
159,199
169,198
98,132
109,126
121,128
129,138
119,138
106,137
187,144
198,136
211,138
221,146
210,148
197,147
113,232
126,221
139,214
147,218
156,216
170,226
181,240
168,253
154,258
144,258
135,256
123,248
119,233
138,227
146,228
155,229
175,239
155,242
146,242
137,240
