76,130
77,150
80,170
84,189
92,207
103,224
119,237
137,245
157,247
176,244
192,235
207,221
217,204
224,187
227,168
229,149
229,130
97,116
108,109
122,106
135,108
148,113
168,112
180,107
193,105
205,108
215,115
158,131
158,143
158,156
158,168
145,179
151,181
158,182
164,181
170,179
113,132
122,128
131,128
139,136
131,138
121,138
176,136
183,128
192,128
200,132
194,137
184,138
131,201
142,196
151,194
158,196
165,194
173,197
183,201
174,208
165,212
158,213
150,212
141,209
135,201
151,201
158,202
165,201
179,201
165,202
158,203
151,202
