63,146
64,168
66,190
69,213
76,233
87,252
101,270
117,286
137,293
158,291
180,281
200,268
217,252
229,232
235,209
241,186
245,162
76,128
88,120
103,119
117,123
130,131
165,132
181,128
197,127
212,131
224,141
146,153
144,171
142,190
140,208
125,211
132,216
140,220
149,218
157,215
93,148
103,143
114,145
123,155
112,155
101,154
172,159
182,151
194,151
204,157
195,162
183,161
110,230
120,228
130,228
139,231
148,230
160,233
173,239
159,252
147,258
136,258
126,255
117,246
115,232
129,234
138,237
148,237
168,240
147,246
138,245
128,242
