75,130
75,150
78,171
82,191
87,212
99,229
114,243
133,254
154,256
175,252
194,240
209,226
220,209
225,189
227,169
229,149
229,128
85,116
95,108
108,105
121,107
132,112
162,111
174,105
188,103
202,104
213,111
149,126
149,141
149,155
149,169
134,180
142,182
149,183
157,182
164,180
101,132
109,128
118,129
126,134
118,135
109,135
172,133
180,127
189,127
197,130
190,133
181,134
119,203
130,200
141,198
149,200
157,198
168,200
181,202
169,215
158,220
150,221
141,220
131,215
123,204
141,203
149,204
157,203
177,203
158,211
149,212
141,211
