70,132
71,153
75,174
80,195
88,213
102,228
118,243
136,255
155,259
175,256
194,243
210,227
224,209
231,189
234,167
235,144
234,123
82,110
95,105
108,106
121,108
134,113
163,111
177,104
190,100
205,100
217,105
150,131
151,146
152,161
152,175
138,185
146,187
153,189
161,186
168,184
98,133
108,129
119,130
128,137
118,139
107,138
172,134
181,125
191,124
201,127
194,133
183,134
122,205
134,203
145,200
154,202
162,200
173,202
187,204
174,215
162,220
153,221
144,220
134,215
127,207
145,207
154,208
162,207
182,205
162,208
153,209
144,208
