76,133
78,155
82,176
86,197
94,217
107,233
123,246
141,257
158,261
177,258
195,247
211,233
224,217
232,197
236,176
240,155
241,133
92,119
103,112
117,111
131,115
143,121
170,121
183,115
196,112
211,112
223,119
156,140
156,154
156,168
156,182
141,192
149,194
156,195
164,194
171,192
109,139
118,135
127,137
134,143
126,144
116,143
180,144
187,138
196,137
205,140
197,144
188,145
130,216
140,212
149,210
156,212
164,210
174,212
186,215
175,224
165,228
157,229
149,228
140,224
135,217
149,216
157,217
165,216
181,216
165,217
157,217
149,217
