77,130
76,152
78,173
82,194
89,213
101,231
115,246
130,258
148,262
166,259
182,248
196,233
209,218
218,199
224,180
229,159
232,138
89,118
101,111
115,111
130,113
143,119
169,120
182,116
197,116
211,117
222,125
155,135
154,149
153,163
151,178
136,189
143,191
151,192
159,191
167,191
104,132
113,127
124,128
133,137
123,138
112,137
176,139
184,131
195,131
204,137
196,141
185,141
122,214
133,212
144,209
151,212
158,210
168,213
179,216
167,224
157,229
150,229
142,228
133,222
127,215
144,217
151,219
158,218
174,217
157,219
150,219
143,218
