65,145
67,166
72,187
76,207
84,227
97,245
112,261
130,274
149,278
168,274
185,261
199,245
211,227
218,208
223,188
226,167
228,147
79,137
91,130
106,129
120,132
134,138
161,138
174,132
189,130
203,131
215,139
147,156
148,171
148,187
149,202
131,207
139,210
148,212
157,210
165,207
96,154
105,149
116,151
123,158
114,160
104,159
171,159
178,152
189,151
198,155
190,160
180,161
112,221
126,220
139,220
149,222
159,220
171,220
185,220
173,237
160,245
149,247
138,245
125,238
116,224
138,225
149,226
159,225
180,222
160,235
149,237
138,236
