62,153
65,175
69,198
75,219
84,239
98,255
114,268
132,279
151,281
169,277
186,265
201,251
214,234
222,213
226,192
230,170
231,148
79,145
90,135
105,132
119,134
133,139
160,139
173,133
188,131
202,133
213,142
147,161
148,178
148,195
149,212
134,218
141,220
149,223
157,220
164,217
98,160
108,155
119,157
126,165
117,166
106,165
167,164
176,155
186,153
195,158
188,163
177,165
118,235
130,234
141,232
148,234
157,232
167,233
178,234
168,243
158,249
149,250
140,250
130,245
122,236
141,238
149,239
157,238
173,236
157,239
149,240
140,239
