72,136
75,159
79,182
82,204
89,224
102,242
116,258
133,271
152,275
171,270
188,257
204,241
218,224
226,203
231,181
234,158
237,135
83,136
94,126
109,125
123,129
136,136
168,134
182,128
196,125
210,127
221,136
152,154
152,172
152,190
152,207
134,207
142,211
152,215
161,211
170,207
101,152
111,146
122,149
130,158
120,158
109,156
175,158
183,148
194,146
203,152
195,156
185,157
115,219
130,220
143,221
152,223
163,220
175,219
190,218
176,230
163,238
152,240
142,239
129,232
120,221
142,228
152,229
163,227
185,219
163,227
152,229
142,228
