54,78
52,107
53,136
57,163
65,191
79,215
97,236
118,254
142,263
167,260
191,247
214,230
232,209
245,184
253,156
261,127
264,97
67,59
82,50
100,50
118,55
134,64
175,66
194,59
215,56
234,61
249,74
152,92
150,114
148,136
146,158
127,166
136,170
146,174
158,172
168,170
84,86
97,79
112,82
124,97
109,98
94,95
184,101
197,87
213,87
225,96
214,103
198,103
110,199
125,194
138,191
146,194
155,192
169,198
185,203
169,215
155,220
145,220
136,218
124,211
117,200
137,202
146,203
155,203
178,203
155,205
146,205
137,203
