52,122
55,151
61,179
67,206
75,233
91,255
113,274
138,288
164,292
190,287
214,273
236,254
253,230
262,203
267,173
271,144
272,114
68,95
83,84
102,81
120,84
137,93
181,90
197,80
215,75
234,76
251,85
160,120
161,142
161,163
162,184
142,200
152,202
162,204
173,201
182,199
87,126
100,117
116,117
129,130
115,132
99,132
193,127
206,113
220,111
233,119
223,126
207,128
122,232
139,228
153,223
162,226
171,223
185,227
203,230
186,245
172,252
163,253
153,252
139,246
128,234
153,236
162,236
172,235
197,232
172,236
162,237
153,236
