64,136
66,157
71,178
76,198
85,216
98,232
114,245
130,255
148,259
165,255
182,244
198,231
211,215
219,196
224,176
227,155
229,134
79,122
90,114
104,111
117,112
131,116
157,116
170,112
184,111
198,114
209,121
143,137
144,151
144,163
144,177
130,189
137,191
144,192
151,190
158,189
96,138
105,133
115,134
123,142
114,143
104,142
166,141
173,133
183,133
192,137
185,141
175,142
122,216
130,209
139,205
145,207
152,205
162,209
172,215
163,223
153,228
146,229
139,228
131,224
127,216
139,215
145,215
152,214
167,216
152,216
146,216
139,216
