64,122
67,142
72,160
75,179
81,197
91,212
107,223
125,231
144,234
163,230
180,221
195,209
205,193
210,175
212,156
214,137
215,118
80,103
90,95
103,92
117,95
129,99
151,98
163,92
176,90
190,91
200,99
141,118
141,130
142,143
142,156
130,166
136,168
143,170
149,168
155,165
95,121
103,116
113,116
121,123
113,125
103,125
160,122
168,114
177,113
186,118
179,122
169,123
119,190
129,186
137,183
143,184
149,183
158,186
167,190
158,197
149,200
143,201
137,200
128,197
123,190
137,190
143,190
149,190
163,190
149,191
143,192
137,191
