70,132
71,152
73,173
76,194
83,213
96,230
113,243
132,253
153,255
173,252
191,243
206,231
217,215
223,198
227,179
228,161
227,141
89,112
102,105
117,104
131,107
144,114
170,116
181,112
193,110
205,111
215,118
156,132
156,146
155,159
155,173
139,184
147,186
155,188
162,186
170,185
105,132
115,127
125,128
134,136
124,136
113,135
176,139
185,132
194,132
203,137
195,140
185,140
123,209
136,205
148,201
155,203
162,201
173,205
183,210
173,219
163,224
155,225
147,224
136,219
128,210
148,212
155,212
162,212
179,211
163,211
155,212
148,211
