60,148
62,170
65,191
70,212
77,232
89,249
106,262
124,271
145,275
165,272
185,263
203,251
216,235
224,216
228,195
230,174
232,152
77,133
89,124
103,122
118,125
131,131
157,132
171,127
186,125
200,127
212,135
145,152
144,165
144,177
144,190
129,202
137,204
144,206
151,205
158,204
96,152
105,147
117,148
125,157
115,159
104,158
165,158
173,149
184,149
194,154
186,159
175,160
116,226
128,222
138,219
144,221
150,220
160,223
173,227
160,235
150,239
144,239
137,239
128,235
121,227
138,228
144,228
150,228
168,227
150,228
144,229
138,228
