87,125
89,144
92,163
97,182
104,200
115,215
128,229
143,241
160,246
176,243
191,231
203,216
213,200
219,183
223,164
225,145
225,127
105,119
115,114
126,115
136,119
147,123
174,122
184,117
194,115
206,113
215,120
160,138
161,153
161,168
161,182
147,184
154,187
161,190
168,187
175,183
117,137
125,133
134,134
140,141
132,142
124,141
179,141
185,134
194,132
202,136
195,140
187,141
131,197
141,195
152,195
160,197
168,194
178,194
189,195
179,209
169,217
160,218
152,217
141,210
135,198
152,202
160,202
168,201
185,197
169,207
160,209
152,208
