87,149
87,170
89,190
93,209
100,227
112,242
125,254
141,263
157,267
174,264
190,254
205,241
218,226
226,208
230,188
233,167
235,147
100,130
109,120
122,117
136,118
148,123
173,124
186,118
199,116
213,119
222,128
160,142
161,156
161,170
162,185
146,194
154,196
161,197
169,195
177,193
114,144
122,141
132,141
140,148
131,149
122,148
182,147
190,141
199,140
207,144
200,147
191,148
134,217
145,211
155,207
162,209
170,207
179,211
188,217
178,227
169,232
161,233
154,232
144,227
138,217
155,213
162,214
169,213
184,217
169,222
162,223
154,222
