34,103
35,134
39,163
46,191
58,217
75,240
95,261
118,279
144,285
170,282
193,264
213,244
232,222
245,197
255,169
264,140
268,108
51,93
69,85
89,85
109,90
127,98
178,100
198,91
219,86
240,88
256,99
151,123
151,148
150,173
150,197
126,202
137,206
149,211
161,207
173,203
74,113
88,107
103,109
116,121
101,123
86,121
186,122
200,110
216,109
229,115
217,122
201,123
105,227
122,227
137,225
147,229
158,226
171,230
187,230
170,243
157,247
145,248
134,246
120,240
112,229
136,234
147,236
158,235
180,232
157,234
146,235
135,233
