78,144
78,166
81,188
84,209
91,229
103,246
119,261
137,273
155,277
173,273
190,261
206,246
218,228
225,208
228,186
231,165
231,143
91,131
103,123
117,123
131,127
144,133
173,133
185,128
197,124
210,125
221,131
158,149
158,165
158,182
158,198
142,205
150,207
158,210
166,207
173,205
108,148
117,143
128,144
136,153
126,153
116,152
178,154
186,145
197,144
206,149
198,153
188,154
124,227
137,224
149,221
157,224
165,221
175,224
186,227
175,238
165,244
156,245
147,244
136,239
128,228
148,231
157,232
165,231
182,228
165,231
156,232
148,231
