79,143
82,163
87,180
92,198
98,215
107,229
120,241
136,248
155,250
173,247
189,239
202,228
212,213
217,196
221,177
224,158
226,139
91,117
99,107
112,102
125,102
138,107
163,106
176,102
190,102
203,106
211,117
151,126
151,139
152,152
152,165
139,179
146,180
153,181
160,180
166,178
105,131
112,125
122,125
131,133
122,134
112,134
172,132
179,124
189,124
197,130
190,133
180,134
128,205
137,198
147,194
154,196
161,194
170,196
180,202
171,208
162,211
155,212
147,212
137,210
131,204
147,203
154,203
161,202
176,202
161,202
154,203
147,203
