83,148
84,167
88,187
91,206
98,224
110,240
124,253
141,262
159,264
176,260
192,249
206,235
216,218
223,200
225,181
228,161
229,141
97,130
107,122
119,121
132,123
144,128
170,127
181,120
193,117
205,118
214,125
157,144
157,158
157,173
157,187
143,195
150,197
158,200
165,197
171,194
112,147
120,141
130,141
138,149
129,151
119,151
176,148
183,139
193,138
201,143
195,148
185,149
126,212
139,211
150,209
158,211
166,209
177,209
189,208
178,221
168,227
159,229
150,228
139,224
131,214
150,216
158,217
167,215
184,211
167,217
158,218
150,218
