70,113
72,137
75,161
78,185
85,208
97,227
112,243
129,257
149,262
169,259
188,248
205,233
219,215
229,195
236,172
243,148
248,124
84,106
97,98
113,100
128,106
142,114
174,115
189,109
206,105
222,106
235,116
158,134
157,152
155,169
154,186
136,193
145,196
153,198
163,197
172,195
101,128
112,124
124,126
134,136
123,136
110,134
182,139
192,130
205,130
215,135
206,140
193,141
123,213
136,212
146,211
153,214
161,212
170,214
181,217
169,225
160,229
152,230
144,228
135,223
128,214
146,217
153,219
161,218
176,217
160,218
152,219
145,216
