64,133
68,156
73,178
80,200
88,222
100,242
115,260
133,275
153,279
175,276
194,263
210,245
224,224
233,201
239,176
243,151
245,126
78,117
90,110
105,110
119,114
133,119
165,119
180,111
195,107
212,107
226,114
149,138
149,157
149,175
150,193
135,201
143,204
151,207
160,203
168,200
96,139
105,133
118,134
126,143
116,145
104,144
175,141
184,131
196,129
206,135
198,141
186,143
121,219
134,218
145,217
153,219
162,217
173,218
188,218
174,232
162,238
153,240
144,239
133,233
125,222
144,224
153,226
162,224
183,221
162,225
153,227
144,225
