76,133
76,153
79,172
84,191
91,208
102,224
115,238
130,248
146,251
162,249
178,240
193,227
205,210
213,191
218,171
222,151
223,129
87,118
95,110
106,108
117,111
127,116
157,116
169,110
182,106
196,108
207,114
143,137
142,154
142,170
142,186
130,193
136,195
143,197
151,195
158,193
100,138
108,134
118,134
126,141
117,143
107,142
164,141
173,133
183,132
192,136
184,141
174,142
118,213
128,213
137,212
144,214
151,212
161,213
173,213
162,225
152,229
144,230
137,229
128,224
122,214
137,217
144,218
151,217
169,214
151,218
144,219
137,218
