81,142
83,161
86,179
89,197
96,214
107,228
121,241
137,252
154,256
170,252
186,241
199,227
210,211
215,193
218,174
221,155
222,135
93,128
102,120
115,117
127,119
140,123
164,123
176,118
188,116
201,118
210,127
152,142
153,155
153,169
154,182
141,191
147,193
154,194
160,192
167,190
108,143
116,139
126,139
134,147
125,148
115,147
169,146
177,138
187,137
195,141
188,146
178,146
127,207
139,207
148,205
155,207
160,206
170,207
180,207
170,221
161,226
155,227
147,226
138,220
132,208
148,210
155,211
160,211
176,209
160,217
155,218
148,216
