74,144
75,164
79,185
84,204
92,222
104,238
120,251
138,260
157,262
175,257
192,245
207,230
219,211
224,191
226,169
228,148
227,127
83,129
92,121
105,118
118,119
132,123
156,120
169,114
183,110
197,111
209,118
145,138
147,154
148,169
149,185
135,195
142,196
150,197
158,195
165,192
98,143
107,139
117,138
126,144
117,145
107,146
167,140
175,134
184,133
194,135
186,139
176,141
124,219
134,212
145,208
152,209
159,206
170,209
180,213
171,223
161,229
153,230
145,230
135,227
128,219
145,217
152,218
160,216
176,214
160,216
152,218
145,218
