67,122
67,148
71,173
75,198
83,222
97,242
115,260
134,275
155,280
177,278
198,265
219,250
236,231
247,208
253,184
259,159
263,134
84,107
98,97
117,95
136,100
153,109
179,110
197,103
216,101
234,106
247,118
164,133
163,149
162,166
161,182
143,195
151,198
160,201
169,200
178,197
104,129
116,124
129,126
139,137
127,138
113,136
190,140
201,131
214,131
225,137
214,142
201,142
127,226
140,221
152,218
159,221
167,219
178,224
192,230
178,239
166,243
158,243
149,241
139,235
133,227
151,228
159,229
166,229
186,230
166,229
158,229
150,228
