75,124
76,145
78,166
80,187
85,206
96,224
110,237
126,248
144,251
162,248
180,238
196,227
208,213
215,196
216,176
218,157
219,138
87,111
97,104
109,103
121,106
133,112
161,114
173,109
186,107
199,109
209,118
145,133
145,147
144,161
143,176
130,186
137,187
143,189
151,187
159,185
100,132
108,128
118,129
126,137
117,138
107,137
168,139
177,132
187,131
195,136
187,140
177,140
114,206
126,203
137,201
145,203
153,200
164,202
174,206
164,214
153,218
145,219
136,218
125,214
119,207
137,209
145,209
153,208
170,206
153,208
145,210
137,209
