63,142
66,164
70,185
74,206
82,225
94,242
110,254
130,262
152,265
173,262
191,252
207,240
218,223
225,202
229,180
232,158
234,135
80,114
88,104
102,98
116,98
130,104
166,103
179,96
194,94
207,99
215,110
149,126
149,139
150,151
150,163
134,180
142,182
150,183
158,181
165,180
98,132
106,126
117,126
126,134
117,136
106,136
171,133
179,124
190,123
199,129
191,133
180,134
121,214
132,205
143,200
150,201
158,199
169,204
181,212
170,221
160,224
151,225
143,225
132,222
126,213
143,211
151,211
158,210
175,212
159,211
151,212
143,212
