61,143
63,166
67,189
70,211
77,232
89,249
107,263
125,274
146,277
168,274
188,263
206,248
219,231
227,210
232,188
237,166
241,143
78,127
92,119
109,120
124,124
138,131
163,131
178,124
194,120
210,120
223,129
150,145
150,159
150,173
149,187
133,198
141,200
149,201
156,201
164,199
95,145
105,140
116,141
125,150
115,151
103,150
175,151
185,143
196,142
206,146
198,152
186,153
117,224
129,220
140,218
148,220
156,218
167,222
179,226
167,237
156,241
147,241
139,240
128,236
122,225
140,227
148,228
156,227
174,227
156,228
147,228
139,227
