88,137
89,157
91,178
93,197
100,215
110,231
124,244
140,253
156,255
173,253
188,243
200,231
210,216
217,199
222,182
225,164
227,146
107,122
118,117
131,117
143,120
155,125
181,126
191,122
202,121
212,122
220,129
166,146
165,160
164,175
163,189
150,195
155,197
162,199
168,198
174,196
121,143
129,140
138,141
145,149
137,149
127,148
183,151
190,144
199,144
206,148
200,152
191,153
135,214
146,212
155,211
161,214
167,212
174,214
182,216
174,224
166,228
159,228
153,227
144,223
138,215
154,218
160,219
167,219
179,217
166,218
160,219
154,218
