66,136
69,160
74,184
80,208
90,228
103,247
120,263
138,275
157,278
176,273
193,261
208,246
221,228
229,208
234,186
239,164
242,141
86,128
97,118
113,114
128,115
142,121
173,121
187,116
202,115
216,119
226,128
157,144
157,160
156,176
156,191
140,203
148,205
156,206
164,205
171,203
104,146
114,139
126,141
136,150
125,152
113,152
178,150
187,140
199,140
208,146
200,151
189,152
126,226
139,221
150,218
157,220
165,218
176,221
187,225
176,237
166,244
158,245
150,244
138,239
131,227
150,225
157,225
165,224
183,226
166,233
157,234
150,234
