80,142
80,162
83,182
88,200
96,216
108,230
124,242
142,251
160,253
178,249
193,238
206,224
215,208
223,192
227,174
229,155
229,137
94,125
104,118
117,117
131,118
143,123
172,122
184,116
196,113
209,113
219,120
157,139
157,155
158,170
158,185
144,192
151,195
158,197
165,194
172,191
108,142
116,137
126,137
134,145
126,146
115,146
179,143
187,135
196,133
204,138
198,142
188,143
132,211
142,207
151,205
158,206
165,204
174,206
184,208
175,218
167,223
159,224
152,224
142,220
137,211
151,213
158,213
166,212
179,209
166,212
159,213
152,213
