81,143
82,161
85,179
88,196
94,213
105,227
119,237
135,246
153,249
170,246
186,238
199,227
209,214
215,197
218,180
221,162
222,144
98,127
107,119
118,117
130,118
140,123
168,123
179,118
191,117
202,121
210,128
154,141
154,152
154,163
154,174
141,184
148,186
154,187
160,186
166,185
112,142
120,138
129,139
135,145
128,146
119,146
173,146
179,139
188,139
195,143
189,147
180,147
128,207
138,202
147,199
153,201
160,199
168,202
177,208
168,214
160,216
153,217
147,216
138,213
132,207
147,207
153,208
160,207
173,208
160,207
153,207
147,207
