75,125
74,146
74,167
77,188
83,207
93,222
107,234
123,243
142,247
162,245
180,237
196,226
209,212
217,194
223,173
228,153
231,132
91,101
101,92
113,90
126,91
138,96
169,97
182,93
196,92
209,97
217,108
153,118
151,132
150,147
148,161
132,170
139,172
147,175
155,173
163,172
105,117
114,113
123,114
130,121
121,121
112,120
174,123
182,118
191,118
199,123
191,126
182,126
119,197
129,189
139,185
146,187
153,186
163,191
171,201
162,208
152,212
145,212
137,211
127,208
123,198
138,193
146,193
153,193
166,200
153,201
145,202
138,201
