71,148
71,168
75,187
82,206
91,224
101,240
114,255
128,268
144,274
163,273
183,265
202,252
218,235
229,213
237,189
243,163
245,137
67,118
76,111
88,110
101,112
113,118
149,116
166,107
185,103
206,106
222,115
132,143
132,158
131,174
130,190
120,201
127,204
134,206
142,204
151,202
81,143
90,137
101,138
112,148
100,149
88,149
163,147
175,136
188,135
201,141
190,147
176,148
113,227
122,226
129,224
135,226
142,224
155,227
173,229
157,240
144,242
136,242
129,241
123,236
118,229
129,231
136,232
143,232
168,230
143,232
136,232
129,231
