79,147
79,166
81,185
85,201
92,218
102,233
115,246
131,257
148,260
167,258
184,247
200,235
212,219
219,202
223,183
226,164
227,146
91,127
101,121
114,120
127,123
138,127
161,128
173,122
187,119
201,121
212,128
148,144
148,157
147,171
147,184
134,194
141,196
147,197
154,196
161,195
102,144
110,139
120,140
128,148
118,149
108,148
171,149
179,142
189,141
197,146
189,151
179,151
124,218
132,212
141,208
148,211
154,209
163,213
173,219
164,228
155,232
147,232
140,231
131,226
128,218
140,217
148,218
154,218
169,218
154,220
148,220
140,219
