80,134
83,157
88,179
92,200
98,219
108,237
122,251
139,262
159,265
179,262
197,250
211,235
221,218
228,198
231,177
234,157
237,135
95,113
104,100
120,94
136,96
151,102
173,104
187,100
202,98
216,103
225,115
162,124
162,140
162,156
162,173
147,183
154,185
162,187
169,185
177,183
114,127
122,122
132,122
140,129
131,130
122,130
182,129
189,123
199,123
207,128
199,130
190,130
133,214
144,210
155,206
163,209
171,206
180,209
189,213
180,221
171,225
163,227
154,226
144,222
138,214
155,214
163,216
171,214
184,214
171,214
163,215
155,215
