74,153
74,172
76,191
81,210
90,227
103,242
117,255
133,267
151,271
172,268
190,258
207,243
222,226
231,206
235,185
237,162
237,139
81,133
90,126
102,126
115,129
127,133
158,130
172,122
188,117
205,118
220,125
144,151
144,167
144,183
144,199
130,209
138,210
146,212
155,210
163,208
94,151
103,146
113,147
122,156
112,157
102,156
171,153
179,142
191,140
202,145
193,150
182,153
114,221
127,223
139,222
147,224
156,221
171,223
189,221
172,235
157,241
148,242
139,241
127,234
120,224
139,230
148,231
156,230
183,224
156,229
148,230
139,229
