73,138
74,158
77,178
80,198
87,216
98,231
113,244
128,256
146,259
163,255
180,244
196,231
208,216
215,197
218,177
221,157
223,136
82,128
93,120
106,120
119,124
131,130
156,130
170,125
183,121
197,122
209,129
144,147
144,160
143,174
143,188
130,194
137,196
143,199
150,196
157,195
98,145
107,140
118,141
126,151
116,152
105,151
164,151
172,141
183,140
192,146
185,151
174,152
116,213
127,211
137,209
144,211
152,209
163,210
175,211
164,226
153,232
145,234
137,233
126,226
121,214
137,215
144,215
152,215
171,212
152,222
145,223
137,222
