60,132
63,158
68,183
75,207
85,229
101,249
118,265
137,278
155,282
173,277
191,262
207,245
220,225
229,203
235,179
239,156
241,132
75,121
88,112
105,112
120,116
135,123
172,123
186,116
201,111
216,112
228,121
153,142
154,160
155,177
155,194
137,201
146,203
155,206
163,203
172,200
96,141
106,136
118,137
128,145
117,147
105,146
178,146
187,138
199,137
209,142
200,146
189,147
116,217
131,216
144,216
153,218
164,215
176,216
190,216
177,235
165,244
154,246
143,245
130,235
121,220
144,221
153,223
164,221
184,218
164,232
154,234
144,232
