49,77
47,109
48,142
52,173
64,202
83,227
106,248
130,265
154,272
178,268
199,251
218,232
234,212
247,188
257,161
264,134
267,106
83,53
102,46
122,47
141,51
158,62
202,67
218,61
236,59
253,62
264,75
179,93
178,117
177,142
176,166
148,171
160,176
172,182
183,179
193,176
101,83
115,77
131,80
142,95
127,95
112,91
204,102
216,90
232,90
243,100
232,105
217,105
112,191
133,192
153,193
167,198
179,197
193,198
207,199
191,223
176,233
163,233
147,230
129,217
117,194
152,201
166,205
178,204
201,202
177,218
164,219
150,216
