68,145
71,165
74,186
78,205
86,223
98,238
115,249
134,257
153,259
171,255
187,246
203,234
214,218
220,200
223,180
225,161
226,140
82,132
94,124
109,124
124,126
137,132
159,130
172,123
187,119
202,120
213,129
149,145
149,157
150,169
150,181
137,194
144,194
150,196
157,194
163,193
99,147
108,142
119,142
127,150
118,152
107,152
170,148
179,140
189,138
197,143
191,148
180,149
120,216
133,212
144,209
150,211
157,208
167,211
179,212
168,222
159,226
151,227
144,228
134,225
125,216
144,216
150,217
158,215
174,213
158,215
151,217
144,217
