66,139
68,163
72,186
76,208
84,229
97,248
113,265
132,278
153,282
174,278
192,265
208,249
221,231
229,211
234,190
240,169
243,146
86,130
101,123
117,123
134,128
149,134
173,135
188,130
204,127
220,127
232,135
162,153
162,170
162,187
162,204
143,211
152,215
160,219
169,216
176,213
104,152
114,147
127,148
136,158
126,160
113,159
183,159
193,150
205,150
214,156
205,161
194,162
129,235
142,233
152,232
158,234
166,232
174,235
184,239
173,245
165,248
157,249
151,248
141,244
134,237
151,238
158,240
165,239
179,239
165,238
158,239
151,238
