83,140
82,158
83,177
86,195
91,212
100,227
113,240
129,250
147,253
166,251
185,241
201,228
212,211
219,193
222,174
225,154
226,135
91,118
100,110
113,108
126,110
139,114
163,116
176,111
190,109
203,111
213,119
151,133
151,146
151,159
151,172
137,183
144,185
151,187
158,185
165,183
104,136
113,131
122,132
131,139
121,140
112,139
171,139
179,131
189,131
198,136
189,139
180,139
122,204
133,201
144,199
152,200
159,198
169,201
180,205
169,214
159,219
151,219
143,219
133,214
126,206
144,206
151,207
159,207
175,205
159,208
151,209
144,208
