86,130
87,150
89,170
91,189
96,207
106,223
119,236
134,247
152,250
169,248
186,239
201,227
211,211
217,192
220,173
223,153
225,133
96,113
104,106
116,104
128,106
138,112
166,113
177,108
190,106
201,109
211,116
151,132
151,147
150,162
150,177
138,185
144,187
150,190
157,188
163,186
108,133
115,129
124,131
132,137
123,138
114,137
172,138
179,132
188,131
196,135
189,139
180,139
127,205
136,203
144,201
150,204
157,202
166,204
176,207
166,217
156,220
150,220
143,219
135,216
131,207
144,209
150,210
156,210
171,208
157,209
150,210
144,209
