85,133
87,154
89,174
92,194
99,212
110,227
126,239
142,247
160,250
179,247
196,238
211,226
221,210
226,192
229,172
232,152
233,131
98,114
107,105
120,101
133,103
146,108
169,108
183,103
196,103
209,106
219,115
158,129
159,142
159,155
159,169
144,180
151,182
159,183
166,182
173,181
113,131
121,127
130,127
139,135
130,136
120,135
178,134
187,128
196,127
204,132
197,136
187,136
132,206
142,202
152,199
158,201
165,199
176,202
187,207
177,218
166,222
159,223
152,222
142,217
136,206
152,207
158,208
165,207
182,207
165,211
159,211
152,210
