64,142
66,162
70,182
75,202
83,220
96,235
113,247
131,256
152,258
172,254
189,243
204,229
214,213
220,194
223,174
225,154
226,133
80,118
89,108
103,105
117,106
130,111
157,109
170,103
184,100
198,102
208,111
145,129
145,142
146,154
146,168
133,180
140,181
147,182
154,180
161,178
95,134
104,129
114,129
122,135
114,136
104,137
167,132
176,126
186,125
194,129
187,132
177,133
122,210
132,201
141,196
148,197
155,195
166,199
175,207
167,218
158,223
150,224
142,224
132,220
126,210
142,203
149,203
156,203
171,207
157,212
149,213
142,213
