66,141
66,161
69,181
73,201
79,221
91,237
107,251
125,262
144,265
163,261
182,252
199,239
213,223
221,205
226,185
229,164
230,144
77,129
87,119
102,117
118,119
133,123
159,124
173,118
189,116
203,119
214,128
143,139
142,153
142,167
141,181
126,191
133,194
141,196
150,194
158,191
93,140
102,135
113,135
122,143
112,145
101,144
165,142
175,135
186,135
195,140
186,144
175,144
117,219
126,212
135,209
142,211
150,208
160,212
171,218
160,225
151,227
142,228
135,227
126,225
122,218
134,217
142,217
150,216
166,218
151,218
142,218
135,218
