69,139
70,161
73,183
76,204
86,223
100,240
116,255
134,267
154,270
173,265
189,251
203,234
216,218
225,199
228,179
231,159
232,138
87,119
99,112
112,111
126,114
139,120
172,119
185,113
199,111
213,113
222,122
156,139
157,156
158,173
158,190
139,195
148,198
158,201
166,197
174,194
103,140
112,134
123,135
132,144
122,144
111,144
177,144
186,135
196,135
206,140
197,144
187,145
116,209
132,209
147,209
157,210
167,208
179,207
192,206
181,226
169,236
158,237
147,237
132,229
121,211
147,216
157,216
167,215
187,209
168,225
158,227
147,226
