65,148
67,171
72,193
77,215
86,235
100,252
118,266
137,276
158,278
179,273
196,259
210,242
220,222
226,201
229,178
230,155
230,132
76,129
84,116
97,110
112,109
126,114
158,110
171,103
186,100
201,104
211,115
145,137
145,154
146,170
147,187
132,200
140,202
149,203
158,200
166,197
94,144
102,137
113,137
123,145
114,147
102,147
168,140
177,130
188,128
197,134
190,138
179,140
118,223
131,220
143,217
151,219
159,216
172,217
188,218
174,231
162,237
153,238
144,238
132,233
123,224
143,226
152,227
160,225
182,220
161,225
152,227
144,226
