72,143
72,166
75,188
78,211
84,233
96,252
111,269
129,283
149,288
170,284
189,273
206,258
219,239
226,218
232,196
237,173
240,149
85,132
99,128
113,129
126,134
139,140
170,141
184,135
198,133
212,133
225,138
153,159
152,174
150,189
149,204
135,214
142,217
149,219
158,217
165,216
100,155
111,150
123,152
132,162
121,163
109,161
176,164
186,155
198,155
208,161
199,166
187,167
122,236
133,234
143,232
150,236
158,233
169,235
180,237
169,248
158,253
150,254
141,253
132,248
126,238
142,241
150,242
158,241
176,238
158,241
150,243
142,241
