48,106
49,135
53,164
59,190
72,213
89,235
107,253
129,267
150,271
170,267
186,253
200,237
214,219
226,199
236,177
242,154
244,130
73,94
93,85
116,86
137,93
156,104
193,107
208,99
223,94
240,94
250,103
173,131
173,154
174,176
175,199
146,200
157,205
168,209
179,207
188,203
97,121
110,114
126,117
138,130
123,132
108,129
194,134
206,122
221,121
231,129
222,136
208,137
119,219
139,223
155,223
163,225
173,223
181,224
189,223
179,232
169,238
160,240
150,238
135,232
125,222
153,230
162,231
172,230
183,225
171,226
162,228
152,226
