70,142
73,165
77,188
81,211
89,232
103,250
119,266
139,278
160,283
181,279
201,268
219,253
233,235
241,213
245,190
250,167
253,143
87,124
98,115
112,111
127,112
142,116
174,115
190,110
207,110
223,114
234,125
157,138
157,154
156,169
155,184
140,194
148,197
155,199
164,197
173,196
106,141
116,136
127,136
136,144
126,144
115,144
182,144
192,136
203,135
214,141
204,143
193,143
119,215
132,211
145,210
155,212
166,211
180,213
196,217
181,233
167,240
155,241
144,239
131,231
123,216
145,217
155,219
166,218
192,218
166,230
155,231
144,229
