63,151
63,174
66,198
73,221
85,242
100,259
116,273
134,284
153,286
173,283
191,271
207,256
222,238
231,217
236,195
238,171
237,148
79,122
91,116
106,115
120,115
135,120
167,120
181,114
196,113
211,114
223,122
150,143
149,162
149,181
149,201
133,208
142,212
151,214
160,211
169,207
92,143
103,138
115,139
126,147
114,148
102,148
176,147
186,138
198,137
209,143
200,148
187,148
123,238
136,234
146,231
154,232
162,230
173,232
184,236
173,246
163,249
155,250
146,250
136,247
129,239
146,238
154,239
162,237
179,237
163,239
155,240
146,239
