82,127
83,147
87,167
90,187
97,205
109,221
122,235
137,248
153,251
170,247
186,236
200,223
212,209
219,192
221,172
223,152
224,133
90,119
101,112
113,113
125,116
135,122
164,121
176,116
189,114
202,115
213,120
148,139
148,154
147,169
146,185
134,190
141,192
148,195
155,192
162,189
104,137
113,132
123,134
131,142
122,143
111,142
170,143
178,135
188,134
197,139
189,143
179,144
124,203
135,205
145,204
150,205
157,203
169,203
182,200
170,213
159,220
151,221
145,220
135,215
129,205
145,210
151,211
158,209
178,202
158,209
151,211
145,210
