74,119
75,139
78,159
80,180
86,199
97,216
113,229
131,238
151,241
172,237
190,227
205,213
216,197
221,178
223,158
226,139
227,119
92,106
102,100
114,99
126,101
138,107
164,107
175,103
187,101
199,102
208,108
151,125
151,139
151,153
151,166
137,175
144,177
151,179
157,177
164,175
106,125
114,121
123,122
130,129
122,130
113,129
171,129
178,123
187,122
195,126
188,130
179,130
125,198
134,192
143,189
150,191
157,190
166,193
175,197
166,206
157,210
150,210
143,210
133,206
129,198
143,198
150,199
157,199
171,198
156,199
150,199
143,198
