64,151
66,172
70,192
73,212
79,231
91,246
110,258
132,264
157,266
180,262
200,254
218,242
229,226
234,206
237,185
240,163
241,142
80,124
91,112
107,109
122,110
137,114
165,110
180,104
196,102
211,105
223,116
153,131
153,144
154,156
154,169
138,185
146,186
154,187
162,185
170,184
96,140
105,133
116,132
126,141
116,143
105,143
178,138
187,128
198,127
208,134
200,138
188,139
122,216
134,206
147,200
155,201
163,199
176,204
189,211
177,220
165,224
156,225
147,225
135,223
127,215
147,212
155,212
164,211
184,211
164,211
155,213
147,213
