75,145
74,166
75,187
79,207
87,227
99,244
114,260
132,273
152,277
172,273
189,261
205,245
217,228
224,208
228,187
231,165
232,144
91,129
103,123
116,123
129,127
140,134
169,131
181,125
194,121
208,122
218,129
154,152
154,169
154,185
154,201
138,206
145,209
154,212
162,209
170,206
104,152
113,146
124,147
133,157
123,158
112,157
176,156
184,147
195,145
204,151
197,156
186,157
122,224
134,222
145,221
153,224
161,222
172,222
185,223
173,239
162,246
153,247
144,246
133,239
126,226
145,227
153,228
161,227
180,225
161,236
153,237
144,236
