64,117
68,140
75,162
84,181
95,198
110,214
126,227
142,238
160,239
176,233
190,219
204,202
216,184
225,165
230,144
233,121
233,97
68,105
81,101
96,104
109,108
124,111
160,108
173,101
187,94
203,88
219,89
144,121
145,140
146,160
147,180
133,183
141,186
150,188
158,184
166,180
86,118
95,110
109,111
119,122
108,124
95,124
169,116
179,103
192,101
203,106
195,114
182,117
125,204
136,204
145,202
152,204
159,201
169,201
182,197
171,208
161,215
154,217
147,217
137,213
130,205
146,206
153,207
159,205
177,199
160,205
153,207
146,207
