76,112
77,135
81,158
88,180
101,201
117,219
134,234
151,248
169,252
187,247
205,232
221,215
236,196
246,174
252,150
256,125
257,100
89,102
101,97
115,101
128,105
141,111
174,109
189,101
205,96
222,94
237,100
158,128
158,147
158,165
159,183
143,186
151,189
160,193
169,189
178,185
105,122
115,119
127,121
135,129
124,129
114,128
187,127
196,119
207,117
218,120
209,126
198,128
132,200
144,201
154,201
163,203
171,200
183,200
198,198
184,211
172,218
164,219
154,217
144,211
137,202
154,206
163,208
171,206
193,200
172,207
163,208
154,206
