67,137
70,161
74,185
79,207
89,229
104,247
121,263
140,276
159,280
177,276
193,263
207,246
219,230
228,210
234,189
237,168
236,146
85,127
98,120
114,120
129,124
143,133
176,133
188,127
201,124
214,123
227,128
160,154
160,172
160,191
161,209
143,214
151,217
160,220
168,217
175,214
102,152
113,148
125,149
135,158
124,159
111,158
183,158
192,151
204,149
213,153
205,159
194,160
124,227
138,230
151,230
159,232
169,229
179,229
191,227
180,242
170,249
160,250
150,249
137,243
129,230
151,237
160,238
169,236
186,230
169,237
160,238
151,237
