68,139
72,160
76,181
81,202
88,221
99,238
113,253
130,266
148,270
168,266
184,254
199,238
210,222
217,202
221,180
225,158
227,136
80,131
90,121
104,118
118,119
130,125
157,126
171,121
186,119
201,123
212,133
145,147
145,164
146,181
146,198
132,205
139,207
147,210
155,207
162,204
99,148
107,143
118,144
126,153
117,155
106,153
166,153
174,143
184,142
193,147
186,152
175,154
117,223
129,222
140,221
147,222
155,220
165,221
178,221
166,232
156,236
148,238
139,237
129,232
122,225
139,227
148,228
155,227
173,223
155,227
147,228
139,227
