74,124
76,145
80,165
85,185
93,203
106,220
121,236
138,251
157,254
176,249
195,237
211,221
224,203
233,184
237,162
239,140
241,117
84,109
93,99
107,97
121,100
134,107
164,105
177,98
192,94
207,95
219,103
150,124
150,141
151,158
151,175
135,181
143,184
152,186
161,183
169,180
98,126
107,120
119,121
128,129
118,130
106,130
174,128
183,119
195,117
204,123
196,128
185,129
118,194
131,194
144,193
153,195
163,193
178,192
194,191
179,209
165,218
154,219
144,219
131,211
123,196
143,199
153,200
163,198
189,193
164,208
153,209
144,208
