85,131
83,151
84,172
87,193
94,212
106,230
119,248
133,263
151,269
171,265
189,253
206,238
220,222
230,204
236,185
239,164
240,143
96,117
107,111
121,112
133,117
145,124
177,124
190,119
203,118
215,119
225,126
160,143
158,160
156,177
154,194
139,198
146,202
155,205
164,203
172,201
111,138
120,133
131,135
140,145
130,144
119,143
181,148
190,139
201,139
210,145
202,150
191,150
123,211
135,211
147,212
154,215
163,214
176,216
189,217
175,234
162,240
153,240
144,238
133,228
128,214
146,219
154,221
163,221
184,219
163,228
154,229
145,226
