75,134
78,155
82,176
87,196
94,215
105,233
118,249
134,263
152,267
170,263
187,251
200,235
212,217
219,198
224,177
228,156
230,134
86,126
96,118
109,117
122,119
134,124
166,123
179,116
193,114
206,115
217,124
151,143
151,158
150,174
150,189
137,196
143,199
150,202
158,199
165,197
102,143
110,138
121,139
130,148
120,149
109,148
174,148
182,140
193,138
202,143
195,148
184,149
121,214
134,214
144,213
151,216
158,214
169,216
183,216
170,230
158,236
151,237
143,235
132,229
126,217
144,220
151,221
158,221
177,218
158,224
151,225
143,224
