68,122
70,142
73,161
77,179
84,197
98,210
117,220
136,228
158,230
179,228
199,220
217,210
231,197
239,179
243,160
246,142
248,121
82,112
94,103
110,101
126,103
142,107
172,107
188,102
204,100
221,102
233,111
158,125
158,137
158,149
158,162
140,170
149,172
157,174
166,172
175,171
102,125
112,120
123,121
132,128
123,129
111,129
183,128
192,120
203,120
213,125
204,129
193,129
125,190
138,186
150,183
157,185
165,183
177,187
190,191
177,199
165,202
157,203
149,202
138,199
130,191
149,192
157,193
165,192
184,191
165,192
157,193
149,192
