76,143
77,164
81,184
86,203
92,222
103,238
117,252
132,261
149,266
166,263
182,254
195,240
207,225
215,208
221,189
225,170
227,151
92,127
104,122
116,123
129,127
141,132
167,135
179,130
192,126
205,126
215,132
152,147
152,160
152,174
152,188
135,194
142,197
150,200
158,197
167,195
102,146
111,142
121,143
129,151
120,151
110,150
174,153
182,147
193,146
202,151
194,155
183,155
118,216
129,209
141,206
150,209
160,207
171,210
181,217
171,230
160,236
149,237
139,235
128,228
122,217
141,214
150,215
160,215
177,217
160,225
150,226
140,224
