62,145
62,169
65,191
71,213
80,232
92,250
110,264
131,275
156,280
182,277
205,266
226,251
240,232
249,210
254,187
259,164
261,140
75,117
86,103
104,98
124,98
142,106
172,105
191,96
212,93
231,100
244,115
157,128
156,143
156,158
155,174
137,191
146,193
156,196
166,193
176,191
94,137
104,131
117,131
127,138
117,140
104,140
187,138
198,129
211,129
222,135
212,139
199,139
116,222
132,215
146,211
155,214
165,212
180,216
196,222
180,235
165,241
155,241
144,240
130,234
122,222
145,223
155,224
166,223
189,223
165,224
155,225
145,224
