79,147
81,166
85,186
90,205
97,223
109,237
124,249
141,259
157,262
174,258
191,247
206,234
218,220
224,201
227,182
230,162
232,142
95,125
104,117
116,115
129,116
141,120
169,119
180,113
193,111
206,114
215,122
155,138
156,151
156,164
157,176
144,186
150,188
157,189
164,187
170,185
109,142
117,136
127,137
136,144
126,146
116,145
176,143
182,134
192,133
201,138
194,142
184,143
126,207
139,203
150,199
158,200
166,198
177,201
189,204
178,218
167,224
159,226
151,225
139,221
131,208
151,207
158,207
166,206
185,205
166,215
159,216
151,216
