88,152
89,170
91,188
94,207
100,223
112,237
128,246
144,255
161,258
178,254
195,245
211,234
223,221
229,204
231,185
233,166
233,147
101,137
110,130
122,130
133,134
144,140
171,139
181,133
192,128
204,129
214,135
158,153
158,164
158,175
158,187
147,195
153,197
159,198
165,196
171,195
116,155
124,151
133,152
140,158
132,159
123,159
176,157
183,151
192,151
199,154
193,157
184,158
135,215
145,210
153,207
159,208
165,207
174,209
184,214
175,223
166,227
160,227
153,227
145,224
140,215
153,214
159,214
165,214
180,214
165,217
159,217
153,217
