52,110
50,139
52,168
56,195
65,220
81,241
101,260
125,276
151,282
177,279
200,265
219,249
237,230
248,207
255,182
261,156
263,129
77,88
93,75
113,73
134,78
151,88
185,90
203,84
222,82
241,88
252,102
168,116
167,134
166,153
166,171
141,182
152,186
163,190
174,188
184,185
96,114
109,107
124,109
135,122
121,122
106,121
194,126
206,115
220,115
231,124
221,129
207,129
119,218
136,209
153,204
162,208
172,205
186,211
198,221
184,233
171,238
160,239
149,238
134,231
125,218
152,220
161,221
172,220
192,221
171,221
161,221
151,220
