79,141
77,164
80,187
82,209
88,230
100,246
117,258
136,267
157,268
178,265
196,255
212,242
223,224
229,204
233,185
236,165
237,144
90,119
101,108
116,104
131,106
145,111
176,113
190,110
204,108
218,112
227,123
159,130
159,146
159,162
158,178
140,187
148,189
157,191
166,190
174,188
106,131
115,126
125,127
134,135
124,136
114,135
183,137
192,130
202,130
211,136
202,139
192,138
124,215
137,210
149,206
157,208
166,206
177,210
186,215
176,222
165,226
156,227
148,226
136,222
128,216
149,215
157,215
166,214
182,215
165,215
157,216
148,215
