71,130
72,151
75,172
79,193
87,213
100,229
116,244
135,254
155,256
174,253
192,241
206,227
217,211
223,194
225,175
226,156
224,137
86,114
96,104
110,101
125,104
139,111
168,111
179,106
192,104
204,107
212,116
153,130
153,145
154,160
155,175
138,182
146,186
154,189
162,185
169,182
103,131
113,126
123,127
131,135
122,135
112,134
173,137
182,130
192,130
200,135
193,138
183,138
123,206
136,203
147,200
153,202
160,200
169,202
179,206
169,215
161,220
154,221
146,221
136,216
128,207
146,208
153,209
160,208
175,206
161,209
154,210
146,209
