71,128
73,150
75,172
78,192
85,211
98,228
114,243
132,255
151,260
169,255
186,242
201,228
213,212
220,193
223,174
225,154
227,134
91,114
101,107
115,105
127,109
139,116
170,118
181,113
193,111
206,113
213,122
153,133
153,147
153,160
153,174
137,180
144,183
152,185
159,183
166,181
106,133
115,129
124,130
133,137
123,138
113,137
172,139
181,132
190,132
198,137
191,140
181,140
120,202
133,200
144,197
152,199
160,197
169,199
180,202
170,219
160,226
152,227
143,226
132,220
125,204
144,204
152,205
159,204
176,203
160,214
152,216
144,215
