70,137
72,159
76,180
80,201
88,220
100,237
115,251
133,262
153,266
173,262
190,251
205,237
215,220
222,200
226,179
228,159
230,137
86,120
96,111
109,108
122,110
135,116
166,118
178,112
192,109
206,113
216,122
150,138
149,152
150,167
149,182
136,193
142,195
149,196
156,195
163,193
101,138
110,133
120,134
129,143
119,144
109,143
171,143
180,135
190,134
199,140
191,144
181,144
121,216
133,213
143,211
151,213
158,211
169,213
182,215
170,226
160,229
151,230
143,230
133,226
126,217
143,219
151,220
159,219
177,216
159,218
151,219
143,218
