85,146
86,164
89,181
92,198
99,214
109,228
124,239
139,248
155,251
171,249
186,240
200,229
210,215
217,198
221,180
223,163
223,145
96,135
104,129
116,128
127,130
138,135
168,135
179,129
191,127
203,127
213,134
153,151
154,163
154,176
154,188
141,195
147,197
154,198
160,197
167,196
111,151
118,147
126,147
133,154
125,155
117,155
175,155
181,148
190,146
198,150
191,155
182,156
130,214
140,214
148,212
153,214
158,213
167,214
178,215
167,222
158,224
153,224
148,224
139,222
133,215
148,217
153,218
158,217
174,216
158,217
153,217
148,217
