84,131
87,151
90,170
94,189
100,207
111,223
124,236
138,248
154,251
170,248
185,237
199,225
210,210
217,192
221,173
225,154
228,135
98,129
107,123
119,122
131,124
142,128
170,129
181,125
193,123
204,124
214,130
156,146
155,160
155,174
155,188
142,196
148,198
155,199
161,198
167,196
113,143
121,138
130,139
137,147
129,149
119,148
175,148
182,140
191,140
199,144
192,150
183,150
134,217
142,212
150,209
155,211
161,210
168,213
175,217
168,223
161,226
155,227
149,226
141,222
138,217
149,216
155,216
161,216
171,217
160,216
155,217
149,216
