65,141
69,170
71,198
77,224
90,247
109,265
131,279
153,289
177,289
197,284
212,267
225,249
235,229
241,206
242,182
242,159
240,136
98,129
110,116
127,112
145,112
162,116
189,116
202,111
216,110
229,113
234,124
176,133
177,149
180,165
182,183
157,189
167,192
178,196
188,193
196,190
118,135
127,129
137,128
146,136
136,138
126,137
193,136
202,128
212,128
220,134
213,137
204,137
131,214
149,213
165,213
177,215
187,213
197,215
208,214
196,229
186,234
175,236
163,234
146,228
136,216
165,216
177,218
187,216
203,215
186,226
175,228
163,227
