43,130
48,157
53,182
57,207
64,233
78,253
98,270
122,285
149,287
176,280
199,266
218,247
231,223
237,195
239,167
240,139
241,109
54,117
64,105
82,101
101,102
120,107
148,101
167,92
186,87
207,87
223,96
135,120
137,140
139,159
141,179
121,185
131,189
143,193
154,187
164,181
77,131
88,126
100,125
112,128
101,131
89,132
165,121
176,116
188,115
199,116
190,120
178,122
99,215
114,207
131,205
144,206
158,203
175,203
192,207
178,228
161,237
146,240
132,240
114,235
104,216
131,210
145,211
159,208
186,209
159,226
145,229
131,228
