57,135
58,159
62,184
65,208
71,232
83,253
98,270
116,286
139,290
164,287
186,274
206,260
222,242
230,219
234,194
238,169
241,142
66,126
77,115
94,113
110,116
125,123
146,122
165,117
183,116
202,120
216,130
137,136
136,152
136,169
135,186
120,195
128,199
136,202
145,199
154,197
86,133
95,127
108,128
117,138
106,140
94,139
163,139
171,130
184,130
194,137
185,142
173,142
109,227
118,220
128,216
137,218
147,216
159,221
171,229
159,239
147,245
137,245
127,244
117,238
115,228
128,223
137,225
147,224
164,229
147,231
137,232
127,230
