56,127
58,154
62,179
64,205
70,231
81,254
98,273
118,288
142,292
166,289
188,275
206,256
220,234
227,209
230,182
234,155
236,128
69,115
77,101
93,95
110,96
126,101
159,100
176,94
193,92
210,97
220,111
142,118
142,134
141,150
141,167
127,181
134,183
142,185
150,183
157,181
88,122
97,116
109,116
119,123
108,124
97,125
168,121
178,113
190,113
199,119
191,123
179,122
111,218
121,211
132,208
142,210
151,208
163,211
174,218
162,229
151,233
141,234
130,234
120,229
117,219
132,214
142,214
151,214
168,219
150,223
141,224
131,223
